#bin	chrom	chromStart	chromEnd	name	length	cpgNum	gcNum	perCpg	perGc	obsExp
708	chr22	16122622	16122923	CpG: 41	301	41	233	27.2	77.4	0.91
708	chr22	16155753	16158017	CpG: 204	2264	204	1553	18	68.6	0.77
708	chr22	16192654	16193098	CpG: 37	444	37	297	16.7	66.9	0.75
708	chr22	16200149	16200707	CpG: 38	558	38	377	13.6	67.6	0.6
708	chr22	16217287	16217676	CpG: 32	389	32	272	16.5	69.9	0.7
708	chr22	16228205	16228546	CpG: 28	341	28	236	16.4	69.2	0.69
709	chr22	16288314	16288570	CpG: 33	256	33	166	25.8	64.8	1.23
709	chr22	16374539	16374899	CpG: 32	360	32	261	17.8	72.5	0.68
710	chr22	16404342	16404671	CpG: 36	329	36	245	21.9	74.5	0.86
710	chr22	16423842	16424117	CpG: 29	275	29	204	21.1	74.2	0.79
710	chr22	16466477	16467159	CpG: 65	682	65	506	19.1	74.2	0.7
713	chr22	16867374	16868185	CpG: 98	811	98	559	24.2	68.9	1.17
714	chr22	17001042	17002102	CpG: 93	1060	93	651	17.5	61.4	0.94
715	chr22	17081936	17082595	CpG: 63	659	63	345	19.1	52.4	1.4
715	chr22	17083384	17083628	CpG: 31	244	31	156	25.4	63.9	1.26
715	chr22	17090455	17091224	CpG: 83	769	83	522	21.6	67.9	0.94
716	chr22	17178519	17178805	CpG: 24	286	24	181	16.8	63.3	0.84
718	chr22	17488274	17489194	CpG: 66	920	66	628	14.3	68.3	0.63
718	chr22	17516913	17518500	CpG: 109	1587	109	1071	13.7	67.5	0.6
719	chr22	17564602	17564995	CpG: 29	393	29	242	14.8	61.6	0.86
719	chr22	17565517	17566990	CpG: 158	1473	158	1068	21.5	72.5	0.82
719	chr22	17589440	17590287	CpG: 77	847	77	593	18.2	70	0.74
719	chr22	17600563	17602611	CpG: 187	2048	187	1253	18.3	61.2	1
719	chr22	17627231	17628723	CpG: 128	1492	128	938	17.2	62.9	1.02
719	chr22	17639481	17640714	CpG: 134	1233	134	826	21.7	67	0.97
719	chr22	17652263	17652978	CpG: 62	715	62	457	17.3	63.9	0.85
721	chr22	17849474	17850733	CpG: 97	1259	97	771	15.4	61.2	0.82
721	chr22	17897854	17898287	CpG: 33	433	33	303	15.2	70	0.62
722	chr22	18063940	18064177	CpG: 17	237	17	164	14.3	69.2	0.61
723	chr22	18111132	18111672	CpG: 40	540	40	334	14.8	61.9	0.78
723	chr22	18121280	18122009	CpG: 69	729	69	478	18.9	65.6	0.88
724	chr22	18231405	18231606	CpG: 22	201	22	145	21.9	72.1	0.85
724	chr22	18256615	18257377	CpG: 81	762	81	535	21.3	70.2	0.86
724	chr22	18267968	18268250	CpG: 20	282	20	183	14.2	64.9	0.68
724	chr22	18275679	18275922	CpG: 21	243	21	164	17.3	67.5	0.76
724	chr22	18324563	18324788	CpG: 18	225	18	154	16	68.4	0.69
726	chr22	18483191	18484500	CpG: 145	1309	145	939	22.2	71.7	0.86
726	chr22	18506419	18507412	CpG: 91	993	91	669	18.3	67.4	0.81
726	chr22	18531215	18531504	CpG: 27	289	27	176	18.7	60.9	1.04
726	chr22	18560558	18561410	CpG: 72	852	72	533	16.9	62.6	0.87
726	chr22	18593113	18594197	CpG: 100	1084	100	758	18.5	69.9	0.77
727	chr22	18632736	18632998	CpG: 32	262	32	183	24.4	69.8	1.01
727	chr22	18668396	18669133	CpG: 86	737	86	444	23.3	60.2	1.29
727	chr22	18702544	18702991	CpG: 42	447	42	353	18.8	79	0.62
727	chr22	18736898	18737848	CpG: 97	950	97	523	20.4	55.1	1.36
728	chr22	18820935	18821262	CpG: 41	327	41	235	25.1	71.9	1
728	chr22	18833786	18834072	CpG: 30	286	30	179	21	62.6	1.09
728	chr22	18860158	18861162	CpG: 130	1004	130	679	25.9	67.6	1.14
729	chr22	18893251	18894291	CpG: 107	1040	107	705	20.6	67.8	0.9
729	chr22	18923470	18923840	CpG: 55	370	55	288	29.7	77.8	0.98
729	chr22	18957995	18958721	CpG: 80	726	80	515	22	70.9	0.9
729	chr22	18985499	18985700	CpG: 18	201	18	112	17.9	55.7	1.16
730	chr22	19016813	19017919	CpG: 116	1106	116	716	21	64.7	1.01
730	chr22	19109068	19110329	CpG: 117	1261	117	823	18.6	65.3	0.89
730	chr22	19119160	19119702	CpG: 35	542	35	324	12.9	59.8	0.73
730	chr22	19131992	19132297	CpG: 34	305	34	203	22.3	66.6	1.01
91	chr22	19136293	19138512	CpG: 202	2219	202	1387	18.2	62.5	0.94
731	chr22	19156977	19157413	CpG: 45	436	45	277	20.6	63.5	1.02
731	chr22	19158703	19159722	CpG: 91	1019	91	714	17.9	70.1	0.73
731	chr22	19165061	19166816	CpG: 186	1755	186	1241	21.2	70.7	0.85
732	chr22	19278671	19279573	CpG: 88	902	88	554	19.5	61.4	1.04
733	chr22	19418745	19420237	CpG: 153	1492	153	912	20.5	61.1	1.1
733	chr22	19434797	19435556	CpG: 92	759	92	514	24.2	67.7	1.06
733	chr22	19466308	19467811	CpG: 109	1503	109	885	14.5	58.9	0.84
733	chr22	19510871	19512254	CpG: 147	1383	147	949	21.3	68.6	0.9
734	chr22	19554014	19554413	CpG: 38	399	38	267	19	66.9	0.85
734	chr22	19644036	19644240	CpG: 16	204	16	146	15.7	71.6	0.61
735	chr22	19701514	19701891	CpG: 39	377	39	283	20.7	75.1	0.78
735	chr22	19705510	19706557	CpG: 130	1047	130	749	24.8	71.5	0.97
735	chr22	19709081	19712106	CpG: 265	3025	265	2045	17.5	67.6	0.77
735	chr22	19712604	19712823	CpG: 17	219	17	149	15.5	68	0.88
735	chr22	19718227	19718751	CpG: 45	524	45	369	17.2	70.4	0.71
735	chr22	19724291	19724524	CpG: 19	233	19	162	16.3	69.5	0.72
735	chr22	19742901	19744729	CpG: 131	1828	131	1166	14.3	63.8	0.71
735	chr22	19746155	19746369	CpG: 27	214	27	163	25.2	76.2	0.87
735	chr22	19746924	19747141	CpG: 22	217	22	123	20.3	56.7	1.26
735	chr22	19748650	19749189	CpG: 73	539	73	417	27.1	77.4	0.91
735	chr22	19751653	19751909	CpG: 23	256	23	174	18	68	0.81
735	chr22	19753312	19755013	CpG: 147	1701	147	913	17.3	53.7	1.22
735	chr22	19776196	19776454	CpG: 26	258	26	176	20.2	68.2	0.87
736	chr22	19841883	19843010	CpG: 122	1127	122	791	21.7	70.2	0.88
736	chr22	19894383	19895428	CpG: 68	1045	68	669	13	64	0.69
737	chr22	19929096	19929468	CpG: 47	372	47	258	25.3	69.4	1.06
737	chr22	19960524	19961327	CpG: 67	803	67	548	16.7	68.2	0.72
737	chr22	19967279	19967808	CpG: 49	529	49	372	18.5	70.3	0.75
737	chr22	19974274	19974756	CpG: 53	482	53	367	22	76.1	0.76
737	chr22	20003521	20004695	CpG: 140	1174	140	794	23.9	67.6	1.04
737	chr22	20008347	20009100	CpG: 83	753	83	547	22	72.6	0.84
738	chr22	20067406	20067900	CpG: 76	494	76	362	30.8	73.3	1.16
738	chr22	20073363	20073931	CpG: 38	568	38	334	13.4	58.8	0.77
738	chr22	20103648	20103923	CpG: 21	275	21	181	15.3	65.8	0.71
738	chr22	20104374	20105729	CpG: 146	1355	146	898	21.5	66.3	0.99
738	chr22	20118509	20119625	CpG: 105	1116	105	693	18.8	62.1	0.98
738	chr22	20130396	20131298	CpG: 72	902	72	635	16	70.4	0.67
738	chr22	20134462	20134705	CpG: 22	243	22	183	18.1	75.3	0.64
738	chr22	20142807	20143042	CpG: 21	235	21	167	17.9	71.1	0.73
739	chr22	20228961	20230275	CpG: 90	1314	90	878	13.7	66.8	0.62
739	chr22	20254889	20255692	CpG: 74	803	74	528	18.4	65.8	0.87
739	chr22	20286318	20287630	CpG: 140	1312	140	945	21.3	72	0.87
739	chr22	20307109	20308026	CpG: 103	917	103	620	22.5	67.6	0.99
740	chr22	20341886	20342863	CpG: 100	977	100	541	20.5	55.4	1.34
740	chr22	20377811	20380341	CpG: 205	2530	205	1624	16.2	64.2	0.79
740	chr22	20427046	20428590	CpG: 131	1544	131	905	17	58.6	1
741	chr22	20459267	20461473	CpG: 218	2206	218	1498	19.8	67.9	0.86
741	chr22	20483627	20484805	CpG: 129	1178	129	800	21.9	67.9	0.96
741	chr22	20503820	20504267	CpG: 42	447	42	351	18.8	78.5	0.63
742	chr22	20639716	20640981	CpG: 119	1265	119	676	18.8	53.4	1.32
742	chr22	20674706	20675153	CpG: 42	447	42	352	18.8	78.7	0.62
92	chr22	20708651	20716555	CpG: 1215	7904	1215	5343	30.7	67.6	1.35
743	chr22	20748094	20748811	CpG: 76	717	76	477	21.2	66.5	0.96
743	chr22	20759743	20760923	CpG: 98	1180	98	759	16.6	64.3	0.81
743	chr22	20779386	20780560	CpG: 141	1174	141	819	24	69.8	0.99
743	chr22	20783466	20786201	CpG: 248	2735	248	1860	18.1	68	0.78
743	chr22	20790638	20792665	CpG: 145	2027	145	1028	14.3	50.7	1.14
744	chr22	20849594	20850404	CpG: 99	810	99	558	24.4	68.9	1.03
744	chr22	20861679	20862252	CpG: 54	573	54	389	18.8	67.9	0.82
744	chr22	20939102	20939353	CpG: 18	251	18	168	14.3	66.9	0.69
745	chr22	21022010	21022744	CpG: 77	734	77	518	21	70.6	0.84
745	chr22	21024739	21025482	CpG: 65	743	65	524	17.5	70.5	0.71
745	chr22	21043660	21043946	CpG: 29	286	29	179	20.3	62.6	1.05
745	chr22	21056258	21058793	CpG: 212	2535	212	1709	16.7	67.4	0.74
746	chr22	21212710	21213694	CpG: 106	984	106	655	21.5	66.6	0.97
747	chr22	21271363	21272616	CpG: 133	1253	133	837	21.2	66.8	0.95
747	chr22	21311336	21312201	CpG: 75	865	75	572	17.3	66.1	0.8
747	chr22	21319178	21319912	CpG: 55	734	55	410	15	55.9	0.96
747	chr22	21336181	21336939	CpG: 91	758	91	537	24	70.8	0.97
747	chr22	21354247	21354504	CpG: 19	257	19	174	14.8	67.7	0.65
747	chr22	21355973	21356824	CpG: 95	851	95	545	22.3	64	1.09
748	chr22	21368197	21368771	CpG: 53	574	53	391	18.5	68.1	0.8
748	chr22	21386493	21387000	CpG: 50	507	50	371	19.7	73.2	0.77
748	chr22	21399979	21400270	CpG: 31	291	31	197	21.3	67.7	0.93
748	chr22	21482297	21482583	CpG: 28	286	28	178	19.6	62.2	1.03
749	chr22	21496606	21496933	CpG: 41	327	41	236	25.1	72.2	0.99
749	chr22	21505626	21506073	CpG: 42	447	42	352	18.8	78.7	0.62
749	chr22	21537575	21538849	CpG: 170	1274	170	865	26.7	67.9	1.17
749	chr22	21622176	21622503	CpG: 41	327	41	236	25.1	72.2	0.99
750	chr22	21636511	21636797	CpG: 29	286	29	179	20.3	62.6	1.06
750	chr22	21662874	21663797	CpG: 121	923	121	614	26.2	66.5	1.2
750	chr22	21695101	21695548	CpG: 43	447	43	353	19.2	79	0.63
750	chr22	21714633	21715811	CpG: 128	1178	128	799	21.7	67.8	0.96
750	chr22	21737975	21740181	CpG: 217	2206	217	1498	19.7	67.9	0.86
751	chr22	21770896	21772442	CpG: 128	1546	128	897	16.6	58	1
751	chr22	21800412	21801052	CpG: 48	640	48	411	15	64.2	0.73
751	chr22	21821571	21824125	CpG: 216	2554	216	1716	16.9	67.2	0.75
751	chr22	21871023	21872569	CpG: 128	1546	128	897	16.6	58	1
752	chr22	21903231	21905437	CpG: 217	2206	217	1498	19.7	67.9	0.86
752	chr22	21921936	21922715	CpG: 85	779	85	555	21.8	71.2	0.86
752	chr22	21982786	21984484	CpG: 167	1698	167	1168	19.7	68.8	0.83
752	chr22	21996241	21997332	CpG: 115	1091	115	762	21.1	69.8	0.89
752	chr22	22006079	22007048	CpG: 83	969	83	636	17.1	65.6	0.8
752	chr22	22011565	22012516	CpG: 102	951	102	677	21.5	71.2	0.85
753	chr22	22020132	22020652	CpG: 55	520	55	347	21.2	66.7	0.96
753	chr22	22058079	22058304	CpG: 20	225	20	149	17.8	66.2	0.81
753	chr22	22089624	22090909	CpG: 128	1285	128	783	19.9	60.9	1.08
754	chr22	22221055	22222367	CpG: 122	1312	122	722	18.6	55	1.23
755	chr22	22288346	22288560	CpG: 16	214	16	142	15	66.4	0.68
755	chr22	22292528	22292875	CpG: 31	347	31	247	17.9	71.2	0.72
755	chr22	22306554	22307402	CpG: 63	848	63	582	14.9	68.6	0.65
755	chr22	22311564	22311819	CpG: 21	255	21	169	16.5	66.3	0.75
755	chr22	22336948	22337333	CpG: 48	385	48	271	24.9	70.4	1.02
756	chr22	22469166	22469909	CpG: 78	743	78	522	21	70.3	0.85
756	chr22	22471899	22472744	CpG: 74	845	74	544	17.5	64.4	0.85
757	chr22	22577657	22577912	CpG: 21	255	21	170	16.5	66.7	0.74
759	chr22	22862623	22863220	CpG: 69	597	69	428	23.1	71.7	0.9
759	chr22	22901386	22901698	CpG: 24	312	24	202	15.4	64.7	0.76
760	chr22	22986928	22987214	CpG: 28	286	28	179	19.6	62.6	1.01
763	chr22	23412224	23413597	CpG: 114	1373	114	820	16.6	59.7	0.96
763	chr22	23437921	23438431	CpG: 43	510	43	326	16.9	63.9	0.84
764	chr22	23483997	23484309	CpG: 28	312	28	212	17.9	67.9	0.78
764	chr22	23487368	23487970	CpG: 57	602	57	414	18.9	68.8	0.82
764	chr22	23522550	23524465	CpG: 189	1915	189	1210	19.7	63.2	0.99
765	chr22	23605241	23605566	CpG: 29	325	29	232	17.8	71.4	0.7
766	chr22	23730282	23730537	CpG: 22	255	22	176	17.3	69	0.75
766	chr22	23802501	23802934	CpG: 30	433	30	295	13.9	68.1	0.61
767	chr22	23863760	23864379	CpG: 61	619	61	414	19.7	66.9	0.89
767	chr22	23908322	23909178	CpG: 75	856	75	512	17.5	59.8	0.99
768	chr22	24059016	24059643	CpG: 73	627	73	442	23.3	70.5	0.94
768	chr22	24093026	24093621	CpG: 64	595	64	374	21.5	62.9	1.09
768	chr22	24110029	24110995	CpG: 79	966	79	643	16.4	66.6	0.74
768	chr22	24114875	24115467	CpG: 62	592	62	385	20.9	65	0.99
769	chr22	24129097	24129697	CpG: 72	600	72	377	24	62.8	1.22
769	chr22	24180491	24181666	CpG: 107	1175	107	777	18.2	66.1	0.84
769	chr22	24191547	24191985	CpG: 42	438	42	313	19.2	71.5	0.76
769	chr22	24199058	24200206	CpG: 98	1148	98	748	17.1	65.2	0.8
769	chr22	24224650	24225047	CpG: 29	397	29	276	14.6	69.5	0.61
769	chr22	24236257	24237539	CpG: 129	1282	129	855	20.1	66.7	0.91
770	chr22	24256010	24256399	CpG: 35	389	35	267	18	68.6	0.76
770	chr22	24303118	24303844	CpG: 55	726	55	491	15.2	67.6	0.68
770	chr22	24308762	24309700	CpG: 88	938	88	628	18.8	67	0.84
770	chr22	24316005	24316943	CpG: 88	938	88	628	18.8	67	0.84
770	chr22	24321862	24322588	CpG: 55	726	55	491	15.2	67.6	0.68
770	chr22	24372912	24373725	CpG: 73	813	73	527	18	64.8	0.86
771	chr22	24384134	24384405	CpG: 23	271	23	175	17	64.6	0.81
771	chr22	24407673	24408060	CpG: 38	387	38	271	19.6	70	0.83
772	chr22	24551813	24552696	CpG: 85	883	85	544	19.3	61.6	1.02
772	chr22	24581632	24582127	CpG: 39	495	39	331	15.8	66.9	0.72
772	chr22	24584178	24584384	CpG: 18	206	18	136	17.5	66	0.8
773	chr22	24647367	24647600	CpG: 24	233	24	145	20.6	62.2	1.07
773	chr22	24666580	24667475	CpG: 87	895	87	594	19.4	66.4	0.89
774	chr22	24819537	24820810	CpG: 142	1273	142	899	22.3	70.6	0.94
774	chr22	24890412	24891453	CpG: 98	1041	98	720	18.8	69.2	0.79
775	chr22	24950798	24952074	CpG: 103	1276	103	829	16.1	65	0.77
775	chr22	24988593	24989279	CpG: 77	686	77	438	22.4	63.8	1.12
776	chr22	25055102	25055388	CpG: 28	286	28	178	19.6	62.2	1.03
776	chr22	25081850	25082112	CpG: 32	262	32	199	24.4	76	0.85
776	chr22	25159865	25160212	CpG: 33	347	33	230	19	66.3	0.89
777	chr22	25201953	25202553	CpG: 62	600	62	392	20.7	65.3	0.99
778	chr22	25348151	25349744	CpG: 147	1593	147	1121	18.5	70.4	0.75
778	chr22	25423973	25424230	CpG: 20	257	20	173	15.6	67.3	0.69
779	chr22	25507309	25507537	CpG: 20	228	20	164	17.5	71.9	0.68
780	chr22	25574876	25575542	CpG: 62	666	62	450	18.6	67.6	0.82
780	chr22	25678576	25679273	CpG: 82	697	82	490	23.5	70.3	0.95
781	chr22	25755941	25756164	CpG: 17	223	17	134	15.2	60.1	0.84
781	chr22	25800554	25801437	CpG: 105	883	105	636	23.8	72	0.92
781	chr22	25816912	25817539	CpG: 57	627	57	391	18.2	62.4	0.94
783	chr22	25960959	25961368	CpG: 41	409	41	262	20	64.1	0.98
787	chr22	26565199	26565986	CpG: 58	787	58	408	14.7	51.8	1.1
789	chr22	26824978	26825680	CpG: 75	702	75	395	21.4	56.3	1.36
789	chr22	26829718	26830128	CpG: 30	410	30	266	14.6	64.9	0.72
790	chr22	26879458	26879930	CpG: 55	472	55	337	23.3	71.4	0.91
790	chr22	26895185	26895460	CpG: 20	275	20	172	14.5	62.5	0.74
790	chr22	26908214	26908542	CpG: 32	328	32	214	19.5	65.2	0.93
790	chr22	26936996	26937672	CpG: 58	676	58	462	17.2	68.3	0.74
790	chr22	26985516	26986264	CpG: 91	748	91	533	24.3	71.3	0.97
791	chr22	27053081	27053629	CpG: 48	548	48	323	17.5	58.9	1.01
792	chr22	27152697	27153133	CpG: 37	436	37	273	17	62.6	0.89
797	chr22	27834425	27834630	CpG: 16	205	16	124	15.6	60.5	0.89
798	chr22	28010273	28010599	CpG: 38	326	38	212	23.3	65	1.1
798	chr22	28034987	28035310	CpG: 22	323	22	190	13.6	58.8	0.79
799	chr22	28073920	28074244	CpG: 23	324	23	179	14.2	55.2	0.95
800	chr22	28192793	28198592	CpG: 515	5799	515	3868	17.8	66.7	0.8
801	chr22	28314588	28315958	CpG: 113	1370	113	882	16.5	64.4	0.8
806	chr22	29075100	29076219	CpG: 114	1119	114	666	20.4	59.5	1.17
807	chr22	29137866	29138560	CpG: 53	694	53	440	15.3	63.4	0.79
807	chr22	29168628	29169048	CpG: 57	420	57	317	27.1	75.5	0.95
807	chr22	29196082	29196962	CpG: 91	880	91	549	20.7	62.4	1.06
808	chr22	29279412	29280287	CpG: 85	875	85	461	19.4	52.7	1.41
809	chr22	29426510	29426843	CpG: 27	333	27	227	16.2	68.2	0.79
809	chr22	29445203	29445482	CpG: 21	279	21	189	15.1	67.7	0.69
809	chr22	29445638	29446113	CpG: 35	475	35	316	14.7	66.5	0.67
809	chr22	29467291	29467817	CpG: 54	526	54	380	20.5	72.2	0.82
809	chr22	29468639	29470233	CpG: 137	1594	137	1071	17.2	67.2	0.79
810	chr22	29601547	29602291	CpG: 77	744	77	503	20.7	67.6	0.92
811	chr22	29663622	29664903	CpG: 116	1281	116	796	18.1	62.1	0.94
811	chr22	29702245	29704723	CpG: 166	2478	166	1474	13.4	59.5	0.76
811	chr22	29706500	29706710	CpG: 15	210	15	147	14.3	70	0.6
811	chr22	29707479	29707797	CpG: 26	318	26	216	16.4	67.9	0.71
811	chr22	29709281	29712013	CpG: 232	2732	232	1672	17	61.2	0.93
812	chr22	29784169	29784779	CpG: 61	610	61	427	20	70	0.82
812	chr22	29866326	29866652	CpG: 34	326	34	222	20.9	68.1	0.9
812	chr22	29875919	29877242	CpG: 181	1323	181	976	27.4	73.8	1
813	chr22	29949478	29949824	CpG: 30	346	30	238	17.3	68.8	0.73
813	chr22	29976920	29977216	CpG: 34	296	34	218	23	73.6	0.87
813	chr22	29999396	30000153	CpG: 84	757	84	542	22.2	71.6	0.87
814	chr22	30116081	30117160	CpG: 106	1079	106	638	19.6	59.1	1.12
814	chr22	30125352	30125665	CpG: 25	313	25	209	16	66.8	0.75
815	chr22	30162836	30163532	CpG: 54	696	54	391	15.5	56.2	0.99
815	chr22	30233923	30234399	CpG: 38	476	38	306	16	64.3	0.78
816	chr22	30278978	30279858	CpG: 95	880	95	655	21.6	74.4	0.79
817	chr22	30476012	30476530	CpG: 50	518	50	357	19.3	68.9	0.81
818	chr22	30639729	30639994	CpG: 19	265	19	169	14.3	63.8	0.73
818	chr22	30642437	30642671	CpG: 38	234	38	183	32.5	78.2	1.06
819	chr22	30685195	30685904	CpG: 82	709	82	517	23.1	72.9	0.88
819	chr22	30722572	30723218	CpG: 71	646	71	417	22	64.6	1.07
819	chr22	30752583	30753214	CpG: 81	631	81	452	25.7	71.6	1
819	chr22	30783010	30783620	CpG: 52	610	52	316	17	51.8	1.3
819	chr22	30792887	30793312	CpG: 43	425	43	310	20.2	72.9	0.76
820	chr22	30819399	30820297	CpG: 65	898	65	573	14.5	63.8	0.71
820	chr22	30821625	30822010	CpG: 45	385	45	266	23.4	69.1	1
820	chr22	30901242	30901744	CpG: 38	502	38	354	15.1	70.5	0.61
821	chr22	30938016	30938645	CpG: 60	629	60	447	19.1	71.1	0.77
821	chr22	30950862	30952075	CpG: 113	1213	113	801	18.6	66	0.87
821	chr22	30987605	30988384	CpG: 54	779	54	439	13.9	56.4	0.88
821	chr22	31031358	31032059	CpG: 61	701	61	477	17.4	68	0.76
102	chr22	31063462	31064384	CpG: 82	922	82	606	17.8	65.7	0.84
822	chr22	31090200	31091334	CpG: 110	1134	110	744	19.4	65.6	0.91
823	chr22	31198491	31199033	CpG: 61	542	61	389	22.5	71.8	0.88
823	chr22	31218226	31218893	CpG: 84	667	84	471	25.2	70.6	1.01
823	chr22	31301702	31302133	CpG: 41	431	41	290	19	67.3	0.89
823	chr22	31318228	31318489	CpG: 28	261	28	158	21.5	60.5	1.17
824	chr22	31364564	31365575	CpG: 91	1011	91	602	18	59.5	1.03
825	chr22	31476872	31477505	CpG: 58	633	58	432	18.3	68.2	0.8
825	chr22	31480774	31481373	CpG: 63	599	63	406	21	67.8	0.92
825	chr22	31494658	31495175	CpG: 41	517	41	350	15.9	67.7	0.71
825	chr22	31500396	31501239	CpG: 64	843	64	549	15.2	65.1	0.72
825	chr22	31503236	31503871	CpG: 61	635	61	425	19.2	66.9	0.86
825	chr22	31556124	31556466	CpG: 29	342	29	219	17	64	0.88
826	chr22	31608021	31608528	CpG: 52	507	52	361	20.5	71.2	0.82
826	chr22	31672479	31672688	CpG: 24	209	24	133	23	63.6	1.16
826	chr22	31686636	31687371	CpG: 78	735	78	482	21.2	65.6	0.99
827	chr22	31741045	31743707	CpG: 221	2662	221	1642	16.6	61.7	0.88
827	chr22	31795250	31795958	CpG: 69	708	69	469	19.5	66.2	0.89
828	chr22	31885140	31886292	CpG: 132	1152	132	776	22.9	67.4	1.01
828	chr22	31892036	31893097	CpG: 100	1061	100	694	18.9	65.4	0.88
829	chr22	32026297	32026874	CpG: 53	577	53	422	18.4	73.1	0.7
829	chr22	32057922	32058323	CpG: 38	401	38	256	19	63.8	0.95
830	chr22	32145635	32146200	CpG: 58	565	58	390	20.5	69	0.87
830	chr22	32149762	32150064	CpG: 43	302	43	230	28.5	76.2	1.04
831	chr22	32339933	32341192	CpG: 143	1259	143	854	22.7	67.8	0.99
831	chr22	32366492	32367061	CpG: 43	569	43	389	15.1	68.4	0.65
832	chr22	32439046	32439442	CpG: 29	396	29	258	14.6	65.2	0.69
833	chr22	32571858	32572525	CpG: 65	667	65	477	19.5	71.5	0.77
835	chr22	32807825	32808285	CpG: 36	460	36	289	15.7	62.8	0.8
835	chr22	32870550	32871364	CpG: 95	814	95	597	23.3	73.3	0.88
838	chr22	33197380	33198267	CpG: 91	887	91	626	20.5	70.6	0.82
840	chr22	33453892	33454505	CpG: 68	613	68	417	22.2	68	0.98
844	chr22	34046354	34046597	CpG: 20	243	20	167	16.5	68.7	0.7
846	chr22	34315841	34318637	CpG: 219	2796	219	1630	15.7	58.3	0.92
857	chr22	35653361	35654028	CpG: 70	667	70	436	21	65.4	0.99
857	chr22	35695643	35696110	CpG: 48	467	48	331	20.6	70.9	0.82
857	chr22	35776988	35777221	CpG: 34	233	34	170	29.2	73	1.1
858	chr22	35795856	35796650	CpG: 73	794	73	524	18.4	66	0.85
858	chr22	35820095	35820302	CpG: 20	207	20	137	19.3	66.2	0.91
859	chr22	35935981	35937537	CpG: 135	1556	135	1024	17.4	65.8	0.8
859	chr22	35947703	35947996	CpG: 30	293	30	192	20.5	65.5	0.96
862	chr22	36424219	36425303	CpG: 102	1084	102	612	18.8	56.5	1.18
863	chr22	36461857	36462411	CpG: 47	554	47	353	17	63.7	0.84
865	chr22	36718450	36718760	CpG: 24	310	24	208	15.5	67.1	0.69
865	chr22	36782965	36784492	CpG: 150	1527	150	1067	19.6	69.9	0.8
865	chr22	36806029	36806637	CpG: 48	608	48	374	15.8	61.5	0.85
866	chr22	36850893	36851466	CpG: 63	573	63	414	22	72.3	0.85
866	chr22	36893976	36894232	CpG: 18	256	18	164	14.1	64.1	0.71
866	chr22	36902024	36903298	CpG: 128	1274	128	891	20.1	69.9	0.82
866	chr22	36924935	36925640	CpG: 77	705	77	456	21.8	64.7	1.04
866	chr22	36960369	36961054	CpG: 51	685	51	429	14.9	62.6	0.81
868	chr22	37099471	37099711	CpG: 28	240	28	188	23.3	78.3	0.76
868	chr22	37171766	37172669	CpG: 63	903	63	564	14	62.5	0.72
868	chr22	37212769	37213467	CpG: 70	698	70	485	20.1	69.5	0.83
869	chr22	37252475	37252709	CpG: 24	234	24	150	20.5	64.1	1
870	chr22	37414319	37416111	CpG: 153	1792	153	1136	17.1	63.4	0.85
870	chr22	37420225	37420900	CpG: 89	675	89	483	26.4	71.6	1.03
870	chr22	37447689	37448238	CpG: 58	549	58	383	21.1	69.8	0.89
870	chr22	37465056	37465331	CpG: 34	275	34	198	24.7	72	0.96
871	chr22	37493704	37494174	CpG: 39	470	39	328	16.6	69.8	0.74
871	chr22	37578232	37578660	CpG: 33	428	33	256	15.4	59.8	0.86
871	chr22	37594665	37595488	CpG: 67	823	67	567	16.3	68.9	0.7
871	chr22	37603001	37603753	CpG: 65	752	65	508	17.3	67.6	0.76
872	chr22	37655605	37655839	CpG: 19	234	19	139	16.2	59.4	0.93
872	chr22	37720719	37721236	CpG: 53	517	53	365	20.5	70.6	0.83
872	chr22	37730551	37731415	CpG: 78	864	78	598	18.1	69.2	0.75
873	chr22	37769170	37771587	CpG: 179	2417	179	1535	14.8	63.5	0.75
873	chr22	37815803	37816477	CpG: 77	674	77	473	22.8	70.2	0.93
873	chr22	37823011	37824119	CpG: 102	1108	102	687	18.4	62	1
874	chr22	37911979	37912258	CpG: 22	279	22	191	15.8	68.5	0.7
874	chr22	37914768	37915883	CpG: 106	1115	106	623	19	55.9	1.22
874	chr22	37956102	37957926	CpG: 167	1824	167	1178	18.3	64.6	0.88
874	chr22	37962481	37962819	CpG: 23	338	23	231	13.6	68.3	0.61
874	chr22	38004443	38005271	CpG: 86	828	86	563	20.8	68	0.91
875	chr22	38035350	38035928	CpG: 53	578	53	400	18.3	69.2	0.78
875	chr22	38054403	38055450	CpG: 119	1047	119	649	22.7	62	1.19
875	chr22	38073037	38073412	CpG: 30	375	30	259	16	69.1	0.67
875	chr22	38082302	38082796	CpG: 48	494	48	329	19.4	66.6	0.88
109	chr22	38141761	38142999	CpG: 106	1238	106	737	17.1	59.5	0.97
876	chr22	38200672	38201691	CpG: 89	1019	89	641	17.5	62.9	0.88
876	chr22	38203588	38204218	CpG: 64	630	64	435	20.3	69	0.85
876	chr22	38214547	38215175	CpG: 69	628	69	443	22	70.5	0.89
876	chr22	38220589	38221619	CpG: 131	1030	131	726	25.4	70.5	1.03
876	chr22	38239792	38240409	CpG: 70	617	70	379	22.7	61.4	1.2
876	chr22	38245341	38245681	CpG: 35	340	35	231	20.6	67.9	0.89
877	chr22	38301954	38302871	CpG: 105	917	105	581	22.9	63.4	1.14
877	chr22	38349502	38349969	CpG: 45	467	45	307	19.3	65.7	0.92
877	chr22	38379093	38379964	CpG: 82	871	82	569	18.8	65.3	0.88
878	chr22	38434864	38435204	CpG: 29	340	29	248	17.1	72.9	0.65
878	chr22	38453187	38453503	CpG: 28	316	28	198	17.7	62.7	0.92
878	chr22	38470263	38470484	CpG: 20	221	20	154	18.1	69.7	0.75
878	chr22	38476836	38478839	CpG: 178	2003	178	1388	17.8	69.3	0.74
878	chr22	38484615	38485721	CpG: 97	1106	97	743	17.5	67.2	0.78
878	chr22	38516735	38517030	CpG: 20	295	20	187	13.6	63.4	0.67
878	chr22	38528820	38529084	CpG: 27	264	27	182	20.5	68.9	0.86
879	chr22	38577678	38578071	CpG: 36	393	36	261	18.3	66.4	0.83
879	chr22	38597785	38598988	CpG: 139	1203	139	810	23.1	67.3	1.03
879	chr22	38610335	38610828	CpG: 62	493	62	327	25.2	66.3	1.15
880	chr22	38668385	38669223	CpG: 94	838	94	580	22.4	69.2	0.95
880	chr22	38712684	38713333	CpG: 57	649	57	379	17.6	58.4	1.05
880	chr22	38793180	38793451	CpG: 25	271	25	182	18.5	67.2	0.9
880	chr22	38793732	38795370	CpG: 171	1638	171	1063	20.9	64.9	1
881	chr22	38808784	38809017	CpG: 28	233	28	183	24	78.5	0.81
881	chr22	38822879	38824193	CpG: 98	1314	98	828	14.9	63	0.75
881	chr22	38850766	38851285	CpG: 78	519	78	349	30.1	67.2	1.33
881	chr22	38857573	38857860	CpG: 37	287	37	200	25.8	69.7	1.06
881	chr22	38863881	38864263	CpG: 52	382	52	289	27.2	75.7	0.95
881	chr22	38901553	38902905	CpG: 149	1352	149	883	22	65.3	1.04
882	chr22	38965733	38966196	CpG: 36	463	36	279	15.6	60.3	0.87
882	chr22	38966412	38966728	CpG: 26	316	26	210	16.5	66.5	0.83
882	chr22	39052054	39053054	CpG: 84	1000	84	649	16.8	64.9	0.81
883	chr22	39077816	39078400	CpG: 61	584	61	405	20.9	69.3	0.88
883	chr22	39096373	39097754	CpG: 159	1381	159	958	23	69.4	0.96
883	chr22	39101825	39102668	CpG: 87	843	87	541	20.6	64.2	1
883	chr22	39151457	39152476	CpG: 117	1019	117	714	23	70.1	0.94
883	chr22	39189721	39190119	CpG: 30	398	30	248	15.1	62.3	0.81
884	chr22	39239168	39240425	CpG: 122	1257	122	683	19.4	54.3	1.32
884	chr22	39262338	39263211	CpG: 82	873	82	581	18.8	66.6	0.88
884	chr22	39267539	39269160	CpG: 133	1621	133	922	16.4	56.9	1.02
885	chr22	39323203	39323528	CpG: 29	325	29	243	17.8	74.8	0.67
886	chr22	39541022	39542137	CpG: 97	1115	97	702	17.4	63	0.88
886	chr22	39548102	39548432	CpG: 25	330	25	209	15.2	63.3	0.76
886	chr22	39548613	39549666	CpG: 111	1053	111	681	21.1	64.7	1.01
887	chr22	39627590	39627811	CpG: 23	221	23	153	20.8	69.2	0.87
887	chr22	39638219	39640966	CpG: 232	2747	232	1665	16.9	60.6	0.92
887	chr22	39688128	39688349	CpG: 17	221	17	159	15.4	71.9	0.62
888	chr22	39715473	39715945	CpG: 55	472	55	289	23.3	61.2	1.24
888	chr22	39745983	39746634	CpG: 67	651	67	430	20.6	66.1	0.95
888	chr22	39770340	39770557	CpG: 19	217	19	138	17.5	63.6	0.88
888	chr22	39777665	39777887	CpG: 18	222	18	152	16.2	68.5	0.72
888	chr22	39784354	39785104	CpG: 60	750	60	498	16	66.4	0.73
888	chr22	39795628	39796171	CpG: 50	543	50	369	18.4	68	0.8
889	chr22	39852205	39852939	CpG: 58	734	58	488	15.8	66.5	0.72
889	chr22	39853323	39854065	CpG: 90	742	90	517	24.3	69.7	1
889	chr22	39883515	39885010	CpG: 141	1495	141	1011	18.9	67.6	0.83
889	chr22	39898100	39898789	CpG: 60	689	60	492	17.4	71.4	0.68
889	chr22	39915622	39917193	CpG: 141	1571	141	1013	18	64.5	0.86
889	chr22	39928303	39929071	CpG: 61	768	61	510	15.9	66.4	0.72
889	chr22	39930803	39931115	CpG: 29	312	29	224	18.6	71.8	0.72
889	chr22	39953450	39954668	CpG: 112	1218	112	758	18.4	62.2	0.95
890	chr22	40042605	40042926	CpG: 28	321	28	222	17.4	69.2	0.74
890	chr22	40045535	40045961	CpG: 38	426	38	281	17.8	66	0.82
890	chr22	40057941	40058844	CpG: 78	903	78	557	17.3	61.7	0.91
890	chr22	40060601	40061031	CpG: 37	430	37	302	17.2	70.2	0.72
890	chr22	40075077	40075307	CpG: 22	230	22	148	19.1	64.3	0.93
890	chr22	40081519	40082390	CpG: 73	871	73	581	16.8	66.7	0.76
893	chr22	40390484	40391490	CpG: 93	1006	93	589	18.5	58.5	1.08
893	chr22	40417353	40417870	CpG: 36	517	36	347	13.9	67.1	0.62
893	chr22	40440852	40441810	CpG: 91	958	91	524	19	54.7	1.27
895	chr22	40742403	40742944	CpG: 48	541	48	370	17.7	68.4	0.76
896	chr22	40766459	40767033	CpG: 73	574	73	417	25.4	72.6	0.97
896	chr22	40814816	40815102	CpG: 22	286	22	194	15.4	67.8	0.67
898	chr22	41032129	41033272	CpG: 104	1143	104	724	18.2	63.3	0.91
899	chr22	41185197	41185416	CpG: 21	219	21	150	19.2	68.5	0.82
899	chr22	41215135	41215576	CpG: 43	441	43	301	19.5	68.3	0.84
899	chr22	41252146	41253240	CpG: 88	1094	88	700	16.1	64	0.79
900	chr22	41346636	41347759	CpG: 104	1123	104	731	18.5	65.1	0.89
112	chr22	41417924	41418887	CpG: 93	963	93	655	19.3	68	0.84
901	chr22	41460014	41460272	CpG: 20	258	20	149	15.5	57.8	0.94
901	chr22	41487261	41489159	CpG: 162	1898	162	1131	17.1	59.6	0.96
902	chr22	41593023	41593915	CpG: 86	892	86	593	19.3	66.5	0.89
902	chr22	41601069	41601476	CpG: 34	407	34	249	16.7	61.2	0.89
902	chr22	41633520	41634842	CpG: 125	1322	125	940	18.9	71.1	0.75
903	chr22	41681616	41682543	CpG: 92	927	92	588	19.8	63.4	0.99
903	chr22	41697388	41698601	CpG: 103	1213	103	761	17	62.7	0.87
903	chr22	41741931	41742165	CpG: 20	234	20	147	17.1	62.8	0.87
903	chr22	41777430	41778281	CpG: 93	851	93	615	21.9	72.3	0.87
903	chr22	41791769	41792142	CpG: 30	373	30	235	16.1	63	0.81
903	chr22	41809468	41810263	CpG: 79	795	79	522	19.9	65.7	0.92
904	chr22	41842383	41843919	CpG: 165	1536	165	1066	21.5	69.4	0.89
904	chr22	41864420	41865443	CpG: 69	1023	69	621	13.5	60.7	0.74
904	chr22	41939917	41940713	CpG: 75	796	75	518	18.8	65.1	0.89
905	chr22	41985525	41986045	CpG: 46	520	46	361	17.7	69.4	0.75
905	chr22	42016301	42017784	CpG: 126	1483	126	965	17	65.1	0.8
905	chr22	42062790	42063002	CpG: 27	212	27	149	25.5	70.3	1.03
906	chr22	42078060	42078549	CpG: 42	489	42	305	17.2	62.4	0.89
906	chr22	42084641	42085014	CpG: 40	373	40	244	21.4	65.4	1
906	chr22	42095414	42096189	CpG: 73	775	73	537	18.8	69.3	0.79
906	chr22	42195953	42196961	CpG: 76	1008	76	655	15.1	65	0.72
907	chr22	42228507	42229984	CpG: 159	1477	159	987	21.5	66.8	0.97
907	chr22	42305617	42307254	CpG: 159	1637	159	1080	19.4	66	0.89
907	chr22	42310057	42311669	CpG: 153	1612	153	920	19	57.1	1.17
907	chr22	42315502	42316409	CpG: 76	907	76	630	16.8	69.5	0.7
907	chr22	42322043	42322909	CpG: 88	866	88	570	20.3	65.8	0.94
908	chr22	42342407	42343278	CpG: 71	871	71	576	16.3	66.1	0.75
908	chr22	42353659	42353900	CpG: 26	241	26	162	21.6	67.2	0.96
908	chr22	42372483	42373299	CpG: 68	816	68	438	16.7	53.7	1.16
908	chr22	42394589	42395255	CpG: 68	666	68	439	20.4	65.9	0.94
908	chr22	42466407	42467121	CpG: 55	714	55	467	15.4	65.4	0.73
909	chr22	42470035	42470669	CpG: 66	634	66	466	20.8	73.5	0.78
909	chr22	42475474	42476094	CpG: 63	620	63	421	20.3	67.9	0.89
909	chr22	42486349	42487246	CpG: 87	897	87	592	19.4	66	0.89
909	chr22	42524731	42525908	CpG: 95	1177	95	799	16.1	67.9	0.72
909	chr22	42538474	42539579	CpG: 100	1105	100	766	18.1	69.3	0.77
909	chr22	42548152	42549207	CpG: 77	1055	77	713	14.6	67.6	0.65
910	chr22	42665452	42667419	CpG: 176	1967	176	1277	17.9	64.9	0.86
910	chr22	42679333	42679893	CpG: 44	560	44	359	15.7	64.1	0.79
910	chr22	42685894	42686095	CpG: 21	201	21	123	20.9	61.2	1.16
911	chr22	42734457	42734717	CpG: 22	260	22	175	16.9	67.3	0.77
911	chr22	42764389	42765248	CpG: 86	859	86	590	20	68.7	0.87
912	chr22	42896636	42897041	CpG: 43	405	43	284	21.2	70.1	0.88
912	chr22	42909975	42910247	CpG: 20	272	20	186	14.7	68.4	0.63
912	chr22	42915512	42915999	CpG: 59	487	59	359	24.2	73.7	0.9
912	chr22	42949592	42950304	CpG: 69	712	69	518	19.4	72.8	0.77
912	chr22	42971800	42972206	CpG: 28	406	28	277	13.8	68.2	0.61
912	chr22	42977728	42978214	CpG: 62	486	62	359	25.5	73.9	0.95
913	chr22	43010440	43011063	CpG: 76	623	76	447	24.4	71.7	0.95
913	chr22	43045009	43045679	CpG: 56	670	56	371	16.7	55.4	1.09
913	chr22	43058126	43058751	CpG: 59	625	59	438	18.9	70.1	0.77
913	chr22	43088918	43089668	CpG: 61	750	61	492	16.3	65.6	0.76
913	chr22	43116151	43117121	CpG: 105	970	105	639	21.6	65.9	1.02
914	chr22	43165947	43166287	CpG: 29	340	29	221	17.1	65	0.81
914	chr22	43252653	43253667	CpG: 127	1014	127	717	25	70.7	1.01
915	chr22	43265990	43266283	CpG: 26	293	26	187	17.7	63.8	0.88
916	chr22	43410421	43411510	CpG: 96	1089	96	703	17.6	64.6	0.91
916	chr22	43485057	43485545	CpG: 51	488	51	325	20.9	66.6	0.95
916	chr22	43505951	43506167	CpG: 19	216	19	154	17.6	71.3	0.7
916	chr22	43506500	43507610	CpG: 126	1110	126	761	22.7	68.6	0.97
917	chr22	43538913	43539526	CpG: 82	613	82	450	26.8	73.4	0.99
917	chr22	43547319	43548169	CpG: 70	850	70	540	16.5	63.5	0.83
917	chr22	43570061	43570322	CpG: 21	261	21	176	16.1	67.4	0.72
917	chr22	43582679	43583067	CpG: 43	388	43	248	22.2	63.9	1.11
917	chr22	43583502	43583830	CpG: 44	328	44	242	26.8	73.8	0.99
917	chr22	43605965	43606236	CpG: 22	271	22	173	16.2	63.8	0.8
917	chr22	43623368	43623667	CpG: 21	299	21	197	14	65.9	0.65
918	chr22	43738882	43740285	CpG: 144	1403	144	925	20.5	65.9	0.95
919	chr22	43807400	43808455	CpG: 91	1055	91	548	17.3	51.9	1.28
919	chr22	43817197	43817456	CpG: 23	259	23	155	17.8	59.8	1
919	chr22	43820887	43821136	CpG: 23	249	23	178	18.5	71.5	0.73
919	chr22	43830899	43831162	CpG: 22	263	22	174	16.7	66.2	0.77
922	chr22	44207947	44208435	CpG: 53	488	53	332	21.7	68	0.94
922	chr22	44257942	44258612	CpG: 68	670	68	361	20.3	53.9	1.4
922	chr22	44287497	44288061	CpG: 61	564	61	401	21.6	71.1	0.86
923	chr22	44319578	44320513	CpG: 99	935	99	654	21.2	69.9	0.87
923	chr22	44350902	44351662	CpG: 71	760	71	525	18.7	69.1	0.78
923	chr22	44392309	44392669	CpG: 26	360	26	217	14.4	60.3	0.8
923	chr22	44419824	44420790	CpG: 101	966	101	620	20.9	64.2	1.02
926	chr22	44726724	44727590	CpG: 85	866	85	544	19.6	62.8	1.02
927	chr22	44892393	44894049	CpG: 117	1656	117	1015	14.1	61.3	0.77
928	chr22	45015933	45016488	CpG: 46	555	46	367	16.6	66.1	0.77
928	chr22	45064159	45065092	CpG: 71	933	71	505	15.2	54.1	1.04
929	chr22	45097755	45098801	CpG: 88	1046	88	571	16.8	54.6	1.14
929	chr22	45124981	45125855	CpG: 57	874	57	571	13	65.3	0.62
929	chr22	45132656	45133392	CpG: 54	736	54	487	14.7	66.2	0.67
929	chr22	45182016	45182223	CpG: 17	207	17	133	16.4	64.3	0.97
930	chr22	45312218	45312475	CpG: 21	257	21	187	16.3	72.8	0.69
931	chr22	45403036	45406372	CpG: 273	3336	273	1848	16.4	55.4	1.07
932	chr22	45559298	45560172	CpG: 109	874	109	611	24.9	69.9	1.03
932	chr22	45560511	45560783	CpG: 25	272	25	186	18.4	68.4	0.79
932	chr22	45598721	45599080	CpG: 26	359	26	237	14.5	66	0.66
933	chr22	45636070	45636606	CpG: 54	536	54	373	20.1	69.6	0.83
933	chr22	45664580	45664820	CpG: 18	240	18	156	15	65	0.72
933	chr22	45680644	45681016	CpG: 40	372	40	283	21.5	76.1	0.75
933	chr22	45705511	45706616	CpG: 106	1105	106	756	19.2	68.4	0.82
934	chr22	45809191	45809953	CpG: 72	762	72	495	18.9	65	0.9
935	chr22	45898294	45899357	CpG: 123	1063	123	802	23.1	75.4	0.82
936	chr22	46041368	46041910	CpG: 48	542	48	385	17.7	71	0.71
936	chr22	46067451	46068490	CpG: 83	1039	83	572	16	55.1	1.06
937	chr22	46262065	46263747	CpG: 161	1682	161	1019	19.1	60.6	1.05
938	chr22	46276365	46277064	CpG: 48	699	48	444	13.7	63.5	0.69
938	chr22	46285477	46285986	CpG: 48	509	48	342	18.9	67.2	0.85
938	chr22	46318693	46319087	CpG: 35	394	35	262	17.8	66.5	0.8
938	chr22	46326912	46327254	CpG: 39	342	39	230	22.8	67.3	1.01
938	chr22	46366726	46368726	CpG: 188	2000	188	1286	18.8	64.3	0.91
938	chr22	46371469	46375234	CpG: 289	3765	289	2293	15.4	60.9	0.83
939	chr22	46423299	46423652	CpG: 54	353	54	268	30.6	75.9	1.06
939	chr22	46431522	46432209	CpG: 80	687	80	449	23.3	65.4	1.09
939	chr22	46440393	46441019	CpG: 61	626	61	368	19.5	58.8	1.13
939	chr22	46449632	46450115	CpG: 44	483	44	369	18.2	76.4	0.64
939	chr22	46457095	46458028	CpG: 110	933	110	712	23.6	76.3	0.82
939	chr22	46465976	46468528	CpG: 249	2552	249	1462	19.5	57.3	1.19
939	chr22	46481815	46482024	CpG: 17	209	17	140	16.3	67	0.73
939	chr22	46518454	46518729	CpG: 23	275	23	195	16.7	70.9	0.67
940	chr22	46545480	46547412	CpG: 191	1932	191	1236	19.8	64	0.97
940	chr22	46610124	46610789	CpG: 54	665	54	413	16.2	62.1	1.07
940	chr22	46645764	46646957	CpG: 130	1193	130	866	21.8	72.6	0.83
940	chr22	46658397	46659332	CpG: 111	935	111	613	23.7	65.6	1.12
941	chr22	46663605	46664126	CpG: 56	521	56	350	21.5	67.2	0.95
941	chr22	46685379	46685796	CpG: 27	417	27	264	12.9	63.3	0.65
941	chr22	46692210	46693349	CpG: 100	1139	100	764	17.6	67.1	0.78
941	chr22	46727378	46727703	CpG: 24	325	24	203	14.8	62.5	0.76
941	chr22	46731379	46732337	CpG: 105	958	105	671	21.9	70	0.9
941	chr22	46759899	46760121	CpG: 22	222	22	157	19.8	70.7	0.79
941	chr22	46760450	46760679	CpG: 18	229	18	161	15.7	70.3	0.64
941	chr22	46762735	46762970	CpG: 23	235	23	174	19.6	74	0.73
941	chr22	46770433	46770871	CpG: 35	438	35	293	16	66.9	0.71
941	chr22	46777706	46777929	CpG: 25	223	25	164	22.4	73.5	0.83
941	chr22	46785171	46785381	CpG: 20	210	20	143	19	68.1	0.82
942	chr22	46805613	46806006	CpG: 32	393	32	251	16.3	63.9	0.8
942	chr22	46834984	46835285	CpG: 24	301	24	193	15.9	64.1	0.78
942	chr22	46859615	46860229	CpG: 66	614	66	400	21.5	65.1	1.05
943	chr22	46929317	46934861	CpG: 476	5544	476	3487	17.2	62.9	0.87
943	chr22	46972461	46973609	CpG: 135	1148	135	677	23.5	59	1.35
943	chr22	47014288	47014698	CpG: 28	410	28	278	13.7	67.8	0.66
943	chr22	47017355	47017654	CpG: 29	299	29	228	19.4	76.3	0.67
943	chr22	47022457	47022659	CpG: 14	202	14	139	13.9	68.8	0.67
943	chr22	47022752	47023210	CpG: 33	458	33	295	14.4	64.4	0.7
943	chr22	47027366	47027910	CpG: 35	544	35	346	12.9	63.6	0.64
943	chr22	47054031	47054274	CpG: 22	243	22	170	18.1	70	0.74
944	chr22	47058870	47059114	CpG: 19	244	19	169	15.6	69.3	0.65
944	chr22	47069523	47069800	CpG: 28	277	28	180	20.2	65	0.97
944	chr22	47074658	47074879	CpG: 20	221	20	149	18.1	67.4	0.8
944	chr22	47081750	47082045	CpG: 24	295	24	163	16.3	55.3	1.07
944	chr22	47097188	47097601	CpG: 37	413	37	277	17.9	67.1	0.81
944	chr22	47158067	47158980	CpG: 74	913	74	595	16.2	65.2	0.79
945	chr22	47189484	47189707	CpG: 19	223	19	158	17	70.9	0.68
945	chr22	47254913	47256424	CpG: 102	1511	102	919	13.5	60.8	0.74
946	chr22	47370112	47370343	CpG: 20	231	20	156	17.3	67.5	0.76
946	chr22	47424214	47424475	CpG: 19	261	19	175	14.6	67	0.67
947	chr22	47456900	47457161	CpG: 20	261	20	164	15.3	62.8	0.8
947	chr22	47513202	47513585	CpG: 26	383	26	254	13.6	66.3	0.62
947	chr22	47558272	47558513	CpG: 18	241	18	166	14.9	68.9	0.78
948	chr22	47608695	47609322	CpG: 42	627	42	326	13.4	52	1.11
951	chr22	48027586	48027828	CpG: 19	242	19	148	15.7	61.2	0.89
955	chr22	48605157	48605507	CpG: 25	350	25	204	14.3	58.3	0.84
956	chr22	48730058	48730392	CpG: 22	334	22	215	13.2	64.4	0.64
957	chr22	48884884	48887043	CpG: 188	2159	188	1356	17.4	62.8	0.89
958	chr22	48896375	48896591	CpG: 17	216	17	134	15.7	62	0.82
958	chr22	48955890	48956106	CpG: 15	216	15	139	13.9	64.4	0.68
958	chr22	48970857	48972947	CpG: 201	2090	201	1152	19.2	55.1	1.27
958	chr22	48977176	48977383	CpG: 16	207	16	128	15.5	61.8	0.84
958	chr22	49018917	49019317	CpG: 47	400	47	280	23.5	70	1
959	chr22	49042371	49042632	CpG: 26	261	26	181	19.9	69.3	0.83
959	chr22	49063538	49063900	CpG: 24	362	24	229	13.3	63.3	0.68
959	chr22	49088758	49088962	CpG: 17	204	17	124	16.7	60.8	0.91
959	chr22	49138251	49138522	CpG: 26	271	26	190	19.2	70.1	0.88
959	chr22	49141049	49141361	CpG: 26	312	26	210	16.7	67.3	0.74
959	chr22	49145736	49147208	CpG: 103	1472	103	882	14	59.9	0.78
961	chr22	49297773	49297998	CpG: 18	225	18	150	16	66.7	0.73
961	chr22	49376395	49376660	CpG: 18	265	18	138	13.6	52.1	1.01
962	chr22	49447339	49448283	CpG: 63	944	63	605	13.3	64.1	0.66
962	chr22	49487327	49487535	CpG: 16	208	16	136	15.4	65.4	0.72
962	chr22	49498162	49498377	CpG: 16	215	16	139	14.9	64.7	0.71
963	chr22	49564050	49564612	CpG: 42	562	42	347	14.9	61.7	0.79
963	chr22	49579792	49580050	CpG: 22	258	22	165	17.1	64	0.89
963	chr22	49637543	49637889	CpG: 24	346	24	199	13.9	57.5	0.84
964	chr22	49697533	49697816	CpG: 21	283	21	189	14.8	66.8	0.67
964	chr22	49698417	49698798	CpG: 34	381	34	231	17.8	60.6	0.97
964	chr22	49717505	49717921	CpG: 30	416	30	262	14.4	63	0.73
964	chr22	49764995	49765272	CpG: 26	277	26	182	18.8	65.7	0.92
964	chr22	49798570	49798784	CpG: 17	214	17	133	15.9	62.1	0.83
965	chr22	49811997	49812468	CpG: 38	471	38	309	16.1	65.6	0.75
965	chr22	49843525	49843755	CpG: 26	230	26	164	22.6	71.3	1.06
965	chr22	49883068	49883385	CpG: 30	317	30	200	18.9	63.1	0.97
965	chr22	49934661	49935380	CpG: 64	719	64	514	17.8	71.5	0.7
966	chr22	50008958	50009712	CpG: 70	754	70	461	18.6	61.1	0.99
966	chr22	50025085	50026415	CpG: 93	1330	93	821	14	61.7	0.74
966	chr22	50064655	50064984	CpG: 23	329	23	218	14	66.3	0.64
967	chr22	50098068	50098318	CpG: 18	250	18	173	14.4	69.2	0.6
967	chr22	50118095	50118822	CpG: 63	727	63	492	17.3	67.7	0.76
967	chr22	50144430	50144635	CpG: 18	205	18	155	17.6	75.6	0.7
967	chr22	50157939	50158217	CpG: 20	278	20	184	14.4	66.2	0.66
967	chr22	50164864	50165513	CpG: 64	649	64	459	19.7	70.7	0.8
967	chr22	50169612	50169864	CpG: 21	252	21	176	16.7	69.8	0.69
967	chr22	50170669	50170951	CpG: 26	282	26	190	18.4	67.4	0.82
967	chr22	50177720	50178221	CpG: 45	501	45	335	18	66.9	0.8
967	chr22	50195822	50196385	CpG: 37	563	37	353	13.1	62.7	0.77
968	chr22	50217157	50217663	CpG: 44	506	44	328	17.4	64.8	0.83
968	chr22	50220118	50220822	CpG: 84	704	84	485	23.9	68.9	1.01
968	chr22	50221335	50221593	CpG: 31	258	31	142	24	55	1.59
968	chr22	50241735	50243918	CpG: 200	2183	200	1515	18.3	69.4	0.76
968	chr22	50246590	50248143	CpG: 162	1553	162	912	20.9	58.7	1.21
968	chr22	50250160	50250513	CpG: 32	353	32	235	18.1	66.6	0.84
968	chr22	50279568	50280376	CpG: 65	808	65	503	16.1	62.3	0.83
968	chr22	50311768	50312953	CpG: 116	1185	116	815	19.6	68.8	0.83
968	chr22	50316783	50317011	CpG: 22	228	22	160	19.3	70.2	0.78
968	chr22	50322570	50323451	CpG: 87	881	87	609	19.8	69.1	0.83
968	chr22	50328693	50329178	CpG: 38	485	38	312	15.7	64.3	0.77
968	chr22	50329768	50330092	CpG: 32	324	32	239	19.8	73.8	0.73
969	chr22	50353596	50357215	CpG: 363	3619	363	2367	20.1	65.4	0.94
969	chr22	50421660	50422491	CpG: 84	831	84	566	20.2	68.1	0.87
969	chr22	50438257	50438776	CpG: 47	519	47	362	18.1	69.7	0.74
969	chr22	50448567	50449521	CpG: 83	954	83	721	17.4	75.6	0.61
969	chr22	50453056	50454137	CpG: 109	1081	109	751	20.2	69.5	0.85
970	chr22	50464808	50465009	CpG: 16	201	16	126	15.9	62.7	0.83
970	chr22	50468454	50469353	CpG: 71	899	71	634	15.8	70.5	0.64
970	chr22	50469866	50470420	CpG: 39	554	39	373	14.1	67.3	0.62
970	chr22	50483350	50483579	CpG: 17	229	17	140	14.8	61.1	0.81
970	chr22	50496441	50497393	CpG: 81	952	81	580	17	60.9	0.92
970	chr22	50515141	50515474	CpG: 25	333	25	194	15	58.3	0.89
970	chr22	50528201	50529085	CpG: 84	884	84	559	19	63.2	0.96
970	chr22	50529561	50529798	CpG: 18	237	18	153	15.2	64.6	0.73
971	chr22	50604415	50605122	CpG: 49	707	49	471	13.9	66.6	0.68
971	chr22	50607823	50608040	CpG: 20	217	20	152	18.4	70	0.79
971	chr22	50608207	50608660	CpG: 46	453	46	289	20.3	63.8	1
971	chr22	50609181	50609627	CpG: 46	446	46	288	20.6	64.6	0.99
971	chr22	50615278	50617900	CpG: 241	2622	241	1762	18.4	67.2	0.82
971	chr22	50623164	50625226	CpG: 175	2062	175	1225	17	59.4	0.98
971	chr22	50628949	50629249	CpG: 25	300	25	198	16.7	66	0.77
971	chr22	50632707	50633041	CpG: 30	334	30	229	18	68.6	0.77
971	chr22	50636305	50636997	CpG: 59	692	59	487	17.1	70.4	0.69
971	chr22	50638647	50640389	CpG: 211	1742	211	1212	24.2	69.6	1
971	chr22	50644615	50644879	CpG: 25	264	25	165	18.9	62.5	0.97
971	chr22	50655145	50655811	CpG: 55	666	55	446	16.5	67	0.74
971	chr22	50656508	50657020	CpG: 34	512	34	338	13.3	66	0.61
971	chr22	50657480	50657937	CpG: 34	457	34	307	14.9	67.2	0.68
971	chr22	50658993	50659400	CpG: 29	407	29	259	14.3	63.6	0.7
971	chr22	50682860	50683640	CpG: 76	780	76	501	19.5	64.2	0.94
971	chr22	50689160	50690167	CpG: 101	1007	101	747	20.1	74.2	0.73
971	chr22	50699469	50700358	CpG: 104	889	104	612	23.4	68.8	0.99
971	chr22	50705406	50706553	CpG: 107	1147	107	690	18.7	60.2	1.03
971	chr22	50708190	50710490	CpG: 166	2300	166	1304	14.4	56.7	0.9
971	chr22	50713789	50714024	CpG: 19	235	19	138	16.2	58.7	0.95
971	chr22	50716018	50716656	CpG: 46	638	46	412	14.4	64.6	0.7
971	chr22	50718979	50721884	CpG: 204	2905	204	1946	14	67	0.63
971	chr22	50723670	50724235	CpG: 38	565	38	419	13.5	74.2	0.61
972	chr22	50725469	50725818	CpG: 29	349	29	248	16.6	71.1	0.66
972	chr22	50726108	50726520	CpG: 35	412	35	293	17	71.1	0.67
972	chr22	50727441	50728654	CpG: 89	1213	89	758	14.7	62.5	0.75
972	chr22	50737809	50738961	CpG: 132	1152	132	848	22.9	73.6	0.85
972	chr22	50745415	50746125	CpG: 95	710	95	555	26.8	78.2	0.88
972	chr22	50765047	50766109	CpG: 116	1062	116	704	21.8	66.3	0.99
972	chr22	50781190	50782009	CpG: 82	819	82	553	20	67.5	0.88
972	chr22	50845158	50845437	CpG: 20	279	20	162	14.3	58.1	0.85
973	chr22	50862756	50862967	CpG: 27	211	27	135	25.6	64	1.35
973	chr22	50869663	50869892	CpG: 17	229	17	145	14.8	63.3	0.75
973	chr22	50873254	50873574	CpG: 25	320	25	220	15.6	68.8	0.67
973	chr22	50875504	50875759	CpG: 19	255	19	161	14.9	63.1	0.75
973	chr22	50885457	50885710	CpG: 21	253	21	172	16.6	68	0.72
973	chr22	50892836	50893042	CpG: 17	206	17	138	16.5	67	0.74
973	chr22	50897713	50898053	CpG: 27	340	27	201	15.9	59.1	0.92
973	chr22	50898342	50898630	CpG: 21	288	21	196	14.6	68.1	0.63
973	chr22	50899961	50900279	CpG: 27	318	27	225	17	70.8	0.69
973	chr22	50903049	50903352	CpG: 24	303	24	204	15.8	67.3	0.7
973	chr22	50912550	50913857	CpG: 103	1307	103	740	15.8	56.6	1.01
973	chr22	50919453	50920376	CpG: 110	923	110	707	23.8	76.6	0.82
973	chr22	50944354	50944606	CpG: 20	252	20	169	15.9	67.1	0.71
973	chr22	50945859	50946121	CpG: 24	262	24	181	18.3	69.1	0.77
973	chr22	50946353	50947010	CpG: 63	657	63	412	19.2	62.7	1
973	chr22	50963608	50970768	CpG: 538	7160	538	4511	15	63	0.76
973	chr22	50982570	50982994	CpG: 39	424	39	255	18.4	60.1	1.03
121	chr22	50984972	50988141	CpG: 219	3169	219	1943	13.8	61.3	0.74
974	chr22	51001199	51001515	CpG: 33	316	33	228	20.9	72.2	0.8
974	chr22	51016253	51017020	CpG: 70	767	70	536	18.3	69.9	0.75
974	chr22	51020656	51021817	CpG: 122	1161	122	774	21	66.7	0.95
974	chr22	51038494	51039752	CpG: 105	1258	105	672	16.7	53.4	1.19
974	chr22	51042293	51043422	CpG: 107	1129	107	634	19	56.2	1.2
974	chr22	51043832	51044141	CpG: 25	309	25	205	16.2	66.3	0.74
974	chr22	51066107	51067051	CpG: 84	944	84	611	17.8	64.7	0.85
974	chr22	51111935	51113742	CpG: 142	1807	142	979	15.7	54.2	1.07
975	chr22	51135670	51136118	CpG: 44	448	44	279	19.6	62.3	1.01
975	chr22	51142802	51143308	CpG: 38	506	38	328	15	64.8	0.72
975	chr22	51158386	51160060	CpG: 167	1674	167	1153	20	68.9	0.85
975	chr22	51169027	51170019	CpG: 81	992	81	564	16.3	56.9	1.02
975	chr22	51221772	51222317	CpG: 63	545	63	407	23.1	74.7	0.83
