#bin	chrom	chromStart	chromEnd	name	length	cpgNum	gcNum	perCpg	perGc	obsExp
610	chr19	3282687	3283232	CpG: 41	545	41	348	15	63.9	0.74
610	chr19	3323338	3324182	CpG: 66	844	66	548	15.6	64.9	0.75
610	chr19	3325130	3325570	CpG: 44	440	44	283	20	64.3	0.97
610	chr19	3388813	3389374	CpG: 77	561	77	406	27.5	72.4	1.05
611	chr19	3414320	3414596	CpG: 32	276	32	191	23.2	69.2	0.98
612	chr19	3575227	3576246	CpG: 99	1019	99	665	19.4	65.3	0.92
613	chr19	3685805	3686592	CpG: 93	787	93	557	23.6	70.8	0.94
613	chr19	3708133	3708709	CpG: 54	576	54	377	18.8	65.5	0.91
613	chr19	3767370	3769102	CpG: 188	1732	188	1129	21.7	65.2	1.03
614	chr19	3851599	3852560	CpG: 104	961	104	599	21.6	62.3	1.12
614	chr19	3907032	3907265	CpG: 19	233	19	129	16.3	55.4	1.08
615	chr19	4000365	4000883	CpG: 53	518	53	357	20.5	68.9	0.87
615	chr19	4012492	4012835	CpG: 38	343	38	225	22.2	65.6	1.04
615	chr19	4037775	4038074	CpG: 26	299	26	198	17.4	66.2	0.8
616	chr19	4096842	4097602	CpG: 67	760	67	486	17.6	63.9	0.86
616	chr19	4099936	4101176	CpG: 102	1240	102	831	16.5	67	0.76
616	chr19	4121243	4121518	CpG: 24	275	24	167	17.5	60.7	1
616	chr19	4125745	4126310	CpG: 56	565	56	395	19.8	69.9	0.82
616	chr19	4148474	4148828	CpG: 33	354	33	234	18.6	66.1	0.87
616	chr19	4163126	4163430	CpG: 30	304	30	195	19.7	64.1	0.98
616	chr19	4169407	4170119	CpG: 71	712	71	489	19.9	68.7	0.88
616	chr19	4191902	4192796	CpG: 64	894	64	523	14.3	58.5	0.85
617	chr19	4201535	4201770	CpG: 21	235	21	138	17.9	58.7	1.04
617	chr19	4214334	4215570	CpG: 110	1236	110	755	17.8	61.1	0.97
617	chr19	4269014	4269348	CpG: 31	334	31	228	18.6	68.3	0.8
617	chr19	4282779	4283399	CpG: 54	620	54	432	17.4	69.7	0.72
617	chr19	4305612	4306052	CpG: 39	440	39	316	17.7	71.8	0.7
618	chr19	4396497	4398547	CpG: 184	2050	184	1259	18	61.4	0.97
619	chr19	4476634	4477151	CpG: 58	517	58	375	22.4	72.5	0.87
619	chr19	4509974	4511000	CpG: 88	1026	88	658	17.2	64.1	0.84
620	chr19	4614859	4615687	CpG: 87	828	87	570	21	68.8	0.9
620	chr19	4625268	4626124	CpG: 89	856	89	585	20.8	68.3	0.89
620	chr19	4698274	4698576	CpG: 37	302	37	223	24.5	73.8	0.9
620	chr19	4711753	4712638	CpG: 83	885	83	527	18.8	59.5	1.07
621	chr19	4756353	4756833	CpG: 56	480	56	350	23.3	72.9	0.9
621	chr19	4787768	4788037	CpG: 23	269	23	154	17.1	57.2	1.05
621	chr19	4793671	4794001	CpG: 23	330	23	185	13.9	56.1	0.89
621	chr19	4811135	4812016	CpG: 90	881	90	557	20.4	63.2	1.02
621	chr19	4839196	4839726	CpG: 39	530	39	328	14.7	61.9	0.78
622	chr19	4855087	4855512	CpG: 46	425	46	285	21.6	67.1	0.96
622	chr19	4867803	4868028	CpG: 17	225	17	140	15.1	62.2	0.78
622	chr19	4878627	4879056	CpG: 37	429	37	296	17.2	69	0.73
622	chr19	4928234	4928545	CpG: 22	311	22	192	14.1	61.7	0.76
622	chr19	4942565	4943186	CpG: 55	621	55	436	17.7	70.2	0.76
622	chr19	4962333	4962567	CpG: 20	234	20	147	17.1	62.8	0.87
623	chr19	4989709	4990055	CpG: 33	346	33	228	19.1	65.9	0.88
623	chr19	5001703	5002043	CpG: 27	340	27	222	15.9	65.3	0.75
623	chr19	5023875	5024483	CpG: 52	608	52	393	17.1	64.6	0.82
623	chr19	5038536	5039488	CpG: 83	952	83	599	17.4	62.9	0.88
623	chr19	5041272	5041632	CpG: 38	360	38	235	21.1	65.3	0.99
623	chr19	5068088	5068579	CpG: 46	491	46	354	18.7	72.1	0.72
623	chr19	5081794	5082054	CpG: 21	260	21	176	16.2	67.7	0.71
623	chr19	5082454	5082810	CpG: 27	356	27	227	15.2	63.8	0.75
623	chr19	5085285	5085687	CpG: 50	402	50	285	24.9	70.9	1
623	chr19	5088199	5088803	CpG: 47	604	47	347	15.6	57.5	0.95
623	chr19	5098312	5098610	CpG: 25	298	25	153	16.8	51.3	1.28
623	chr19	5106729	5107183	CpG: 47	454	47	308	20.7	67.8	0.9
624	chr19	5117398	5118509	CpG: 103	1111	103	772	18.5	69.5	0.78
625	chr19	5272605	5273458	CpG: 107	853	107	595	25.1	69.8	1.03
625	chr19	5295171	5295633	CpG: 37	462	37	289	16	62.6	0.83
625	chr19	5306752	5307815	CpG: 120	1063	120	688	22.6	64.7	1.09
625	chr19	5349180	5349413	CpG: 25	233	25	159	21.5	68.2	0.92
625	chr19	5366235	5367518	CpG: 122	1283	122	770	19	60	1.06
626	chr19	5388177	5388899	CpG: 73	722	73	400	20.2	55.4	1.33
626	chr19	5424402	5425638	CpG: 90	1236	90	721	14.6	58.3	0.86
626	chr19	5447472	5448842	CpG: 103	1370	103	855	15	62.4	0.77
626	chr19	5457066	5457505	CpG: 48	439	48	312	21.9	71.1	0.89
626	chr19	5460504	5460755	CpG: 26	251	26	151	20.7	60.2	1.15
626	chr19	5474521	5474859	CpG: 36	338	36	201	21.3	59.5	1.25
626	chr19	5490325	5491415	CpG: 103	1090	103	704	18.9	64.6	0.91
626	chr19	5503575	5503862	CpG: 24	287	24	192	16.7	66.9	0.77
627	chr19	5510653	5511028	CpG: 32	375	32	244	17.1	65.1	0.84
627	chr19	5559932	5561254	CpG: 145	1322	145	875	21.9	66.2	1.01
627	chr19	5567312	5568412	CpG: 104	1100	104	710	18.9	64.5	0.91
627	chr19	5601918	5602375	CpG: 52	457	52	311	22.8	68.1	0.99
627	chr19	5609691	5610302	CpG: 53	611	53	401	17.3	65.6	0.83
628	chr19	5637165	5638125	CpG: 108	960	108	671	22.5	69.9	0.92
628	chr19	5653986	5655204	CpG: 102	1218	102	793	16.7	65.1	0.79
628	chr19	5688157	5689048	CpG: 73	891	73	579	16.4	65	0.78
628	chr19	5696018	5696271	CpG: 32	253	32	179	25.3	70.8	1.03
628	chr19	5716244	5716461	CpG: 19	217	19	140	17.5	64.5	0.84
628	chr19	5726129	5726453	CpG: 40	324	40	226	24.7	69.8	1.02
628	chr19	5729216	5729746	CpG: 60	530	60	367	22.6	69.2	0.95
628	chr19	5731400	5731816	CpG: 37	416	37	266	17.8	63.9	0.89
628	chr19	5741653	5742295	CpG: 61	642	61	454	19	70.7	0.79
628	chr19	5745505	5746004	CpG: 41	499	41	343	16.4	68.7	0.7
628	chr19	5756849	5757201	CpG: 30	352	30	245	17	69.6	0.7
628	chr19	5757745	5758088	CpG: 28	343	28	218	16.3	63.6	0.82
629	chr19	5771021	5771380	CpG: 48	359	48	257	26.7	71.6	1.05
629	chr19	5803209	5804091	CpG: 72	882	72	530	16.3	60.1	0.91
629	chr19	5845806	5846028	CpG: 26	222	26	150	23.4	67.6	1.08
629	chr19	5875034	5875449	CpG: 36	415	36	274	17.3	66	0.83
629	chr19	5893826	5894172	CpG: 40	346	40	256	23.1	74	0.86
630	chr19	5912253	5912967	CpG: 54	714	54	452	15.1	63.3	0.77
630	chr19	5963801	5964307	CpG: 48	506	48	318	19	62.8	0.98
630	chr19	6015453	6015722	CpG: 25	269	25	186	18.6	69.1	0.78
631	chr19	6046736	6047482	CpG: 74	746	74	484	19.8	64.9	0.95
631	chr19	6057665	6058189	CpG: 64	524	64	360	24.4	68.7	1.04
631	chr19	6061018	6061919	CpG: 95	901	95	571	21.1	63.4	1.05
631	chr19	6084754	6085356	CpG: 59	602	59	365	19.6	60.6	1.07
631	chr19	6117858	6118613	CpG: 95	755	95	526	25.2	69.7	1.04
631	chr19	6140554	6141406	CpG: 70	852	70	526	16.4	61.7	0.86
632	chr19	6184250	6184665	CpG: 31	415	31	243	14.9	58.6	0.88
632	chr19	6235534	6235910	CpG: 35	376	35	272	18.6	72.3	0.71
632	chr19	6241416	6241848	CpG: 44	432	44	278	20.4	64.4	0.99
632	chr19	6276509	6277525	CpG: 97	1016	97	616	19.1	60.6	1.04
633	chr19	6306139	6306859	CpG: 66	720	66	491	18.3	68.2	0.79
633	chr19	6320208	6320809	CpG: 40	601	40	399	13.3	66.4	0.6
633	chr19	6334996	6335806	CpG: 60	810	60	528	14.8	65.2	0.7
633	chr19	6341253	6341571	CpG: 37	318	37	228	23.3	71.7	0.91
633	chr19	6363336	6364616	CpG: 132	1280	132	783	20.6	61.2	1.11
633	chr19	6375517	6375855	CpG: 28	338	28	240	16.6	71	0.71
633	chr19	6398554	6398855	CpG: 24	301	24	206	15.9	68.4	0.68
633	chr19	6399414	6400169	CpG: 65	755	65	451	17.2	59.7	0.98
633	chr19	6401468	6401689	CpG: 21	221	21	148	19	67	0.9
633	chr19	6413127	6413349	CpG: 19	222	19	149	17.1	67.1	0.8
633	chr19	6418583	6418934	CpG: 30	351	30	218	17.1	62.1	0.9
634	chr19	6427827	6428991	CpG: 138	1164	138	771	23.7	66.2	1.09
634	chr19	6481299	6481505	CpG: 18	206	18	137	17.5	66.5	0.83
634	chr19	6497392	6498652	CpG: 98	1260	98	708	15.6	56.2	1
634	chr19	6531059	6532002	CpG: 78	943	78	593	16.5	62.9	0.87
637	chr19	6829958	6830465	CpG: 44	507	44	336	17.4	66.3	0.79
637	chr19	6831101	6831499	CpG: 38	398	38	262	19.1	65.8	0.88
637	chr19	6840107	6840737	CpG: 62	630	62	450	19.7	71.4	0.77
637	chr19	6855396	6855669	CpG: 25	273	25	180	18.3	65.9	0.87
637	chr19	6909376	6910635	CpG: 105	1259	105	789	16.7	62.7	0.85
637	chr19	6921725	6922047	CpG: 30	322	30	218	18.6	67.7	0.82
637	chr19	6922322	6922532	CpG: 18	210	18	120	17.1	57.1	1.06
637	chr19	6925941	6926340	CpG: 32	399	32	270	16	67.7	0.71
637	chr19	6933720	6934328	CpG: 64	608	64	422	21.1	69.4	0.92
637	chr19	6941192	6942181	CpG: 96	989	96	659	19.4	66.6	0.88
637	chr19	6942381	6942662	CpG: 23	281	23	189	16.4	67.3	0.76
638	chr19	6951848	6952181	CpG: 26	333	26	190	15.6	57.1	0.97
638	chr19	6969572	6969908	CpG: 43	336	43	220	25.6	65.5	1.21
638	chr19	6974262	6974691	CpG: 36	429	36	282	16.8	65.7	0.8
638	chr19	6975355	6975691	CpG: 28	336	28	208	16.7	61.9	0.87
638	chr19	6979756	6980595	CpG: 69	839	69	575	16.4	68.5	0.76
638	chr19	6987252	6987914	CpG: 63	662	63	424	19	64	0.95
638	chr19	7039515	7039951	CpG: 56	436	56	303	25.7	69.5	1.12
638	chr19	7040435	7040678	CpG: 19	243	19	144	15.6	59.3	0.89
638	chr19	7056514	7057249	CpG: 69	735	69	467	18.8	63.5	0.94
638	chr19	7070339	7070576	CpG: 16	237	16	144	13.5	60.8	0.73
639	chr19	7164959	7165328	CpG: 26	369	26	229	14.1	62.1	0.74
639	chr19	7165570	7166230	CpG: 66	660	66	363	20	55	1.35
639	chr19	7206073	7206292	CpG: 24	219	24	148	21.9	67.6	0.98
640	chr19	7217346	7217699	CpG: 41	353	41	240	23.2	68	1.01
640	chr19	7240973	7241374	CpG: 63	401	63	291	31.4	72.6	1.2
640	chr19	7268378	7269070	CpG: 83	692	83	509	24	73.6	0.89
641	chr19	7341173	7342052	CpG: 91	879	91	590	20.7	67.1	0.93
641	chr19	7382223	7383222	CpG: 98	999	98	700	19.6	70.1	0.8
641	chr19	7416805	7418524	CpG: 169	1719	169	1129	19.7	65.7	0.91
641	chr19	7421280	7421530	CpG: 23	250	23	181	18.4	72.4	0.72
641	chr19	7422096	7423728	CpG: 122	1632	122	1074	15	65.8	0.7
642	chr19	7482834	7483388	CpG: 63	554	63	385	22.7	69.5	0.94
642	chr19	7493993	7494992	CpG: 100	999	100	671	20	67.2	0.89
643	chr19	7612344	7612763	CpG: 44	419	44	292	21	69.7	0.9
651	chr19	8713354	8713997	CpG: 52	643	52	409	16.2	63.6	0.82
651	chr19	8722989	8723409	CpG: 41	420	41	251	19.5	59.8	1.09
651	chr19	8735780	8736044	CpG: 24	264	24	162	18.2	61.4	0.98
651	chr19	8741314	8741705	CpG: 30	391	30	237	15.3	60.6	0.89
651	chr19	8756705	8757374	CpG: 71	669	71	454	21.2	67.9	0.93
651	chr19	8770964	8771322	CpG: 30	358	30	227	16.8	63.4	0.83
651	chr19	8774317	8774992	CpG: 82	675	82	475	24.3	70.4	0.98
652	chr19	8786113	8786439	CpG: 26	326	26	214	16	65.6	0.74
652	chr19	8819796	8820888	CpG: 99	1092	99	636	18.1	58.2	1.09
652	chr19	8837377	8837730	CpG: 35	353	35	228	19.8	64.6	0.97
652	chr19	8871472	8871954	CpG: 46	482	46	341	19.1	70.7	0.76
652	chr19	8888448	8889270	CpG: 62	822	62	462	15.1	56.2	0.96
652	chr19	8892903	8893284	CpG: 38	381	38	249	19.9	65.4	0.95
652	chr19	8897936	8898511	CpG: 52	575	52	370	18.1	64.3	0.88
653	chr19	8920297	8920831	CpG: 44	534	44	321	16.5	60.1	0.91
653	chr19	8929380	8930066	CpG: 69	686	69	464	20.1	67.6	0.88
653	chr19	8941736	8942716	CpG: 112	980	112	661	22.9	67.4	1.02
653	chr19	8953723	8954028	CpG: 30	305	30	168	19.7	55.1	1.31
653	chr19	8966869	8967358	CpG: 42	489	42	310	17.2	63.4	0.87
653	chr19	8989235	8989930	CpG: 64	695	64	446	18.4	64.2	0.89
660	chr19	9899272	9899823	CpG: 56	551	56	328	20.3	59.5	1.15
661	chr19	9982451	9983071	CpG: 67	620	67	426	21.6	68.7	0.94
661	chr19	10018130	10018402	CpG: 31	272	31	205	22.8	75.4	0.83
661	chr19	10041235	10042048	CpG: 81	813	81	583	19.9	71.7	0.79
662	chr19	10101222	10102220	CpG: 84	998	84	649	16.8	65	0.82
662	chr19	10182746	10183385	CpG: 77	639	77	449	24.1	70.3	0.98
662	chr19	10203698	10203953	CpG: 27	255	27	162	21.2	63.5	1.06
663	chr19	10240531	10240879	CpG: 35	348	35	200	20.1	57.5	1.27
663	chr19	10304533	10305238	CpG: 76	705	76	479	21.6	67.9	0.94
664	chr19	10388671	10388915	CpG: 24	244	24	160	19.7	65.6	0.92
664	chr19	10389412	10389768	CpG: 40	356	40	259	22.5	72.8	0.86
664	chr19	10426352	10426643	CpG: 23	291	23	211	15.8	72.5	0.6
664	chr19	10456554	10457813	CpG: 142	1259	142	823	22.6	65.4	1.05
665	chr19	10525035	10525859	CpG: 82	824	82	517	19.9	62.7	1.04
665	chr19	10555714	10556041	CpG: 31	327	31	212	19	64.8	0.9
665	chr19	10577078	10577461	CpG: 26	383	26	219	13.6	57.2	0.84
665	chr19	10605403	10605952	CpG: 50	549	50	364	18.2	66.3	0.83
666	chr19	10688656	10689219	CpG: 68	563	68	410	24.2	72.8	0.93
667	chr19	10869478	10869885	CpG: 35	407	35	287	17.2	70.5	0.7
668	chr19	10881658	10882067	CpG: 36	409	36	236	17.6	57.7	1.09
668	chr19	10895156	10895627	CpG: 47	471	47	314	20	66.7	0.91
668	chr19	10940543	10941238	CpG: 56	695	56	434	16.1	62.4	0.84
668	chr19	10948779	10949403	CpG: 56	624	56	399	17.9	63.9	0.91
669	chr19	11092237	11092502	CpG: 49	265	49	207	37	78.1	1.22
675	chr19	11818526	11819169	CpG: 61	643	61	413	19	64.2	0.92
675	chr19	11868738	11869108	CpG: 36	370	36	225	19.5	60.8	1.06
675	chr19	11878337	11878649	CpG: 26	312	26	197	16.7	63.1	0.84
675	chr19	11912128	11912986	CpG: 90	858	90	529	21	61.7	1.1
676	chr19	11965448	11965926	CpG: 41	478	41	267	17.2	55.9	1.11
676	chr19	11966142	11966407	CpG: 24	265	24	180	18.1	67.9	0.79
680	chr19	12501007	12501800	CpG: 103	793	103	592	26	74.7	0.95
681	chr19	12595855	12596343	CpG: 45	488	45	338	18.4	69.3	0.79
682	chr19	12794747	12796354	CpG: 143	1607	143	985	17.8	61.3	0.95
696	chr19	14596913	14599106	CpG: 211	2193	211	1305	19.2	59.5	1.09
706	chr19	15924513	15925286	CpG: 62	773	62	486	16	62.9	0.82
706	chr19	15984492	15985120	CpG: 85	628	85	446	27.1	71	1.08
708	chr19	16132349	16133737	CpG: 160	1388	160	859	23.1	61.9	1.23
710	chr19	16436343	16436900	CpG: 51	557	51	347	18.3	62.3	0.95
713	chr19	16780258	16781242	CpG: 112	984	112	653	22.8	66.4	1.04
713	chr19	16872320	16874653	CpG: 153	2333	153	1325	13.1	56.8	0.81
714	chr19	16955885	16956227	CpG: 33	342	33	246	19.3	71.9	0.75
717	chr19	17356352	17356764	CpG: 35	412	35	279	17	67.7	0.77
717	chr19	17393920	17394515	CpG: 80	595	80	444	26.9	74.6	0.97
721	chr19	17836803	17837681	CpG: 90	878	90	581	20.5	66.2	0.94
727	chr19	18631292	18632186	CpG: 86	894	86	598	19.2	66.9	0.86
727	chr19	18670717	18671512	CpG: 99	795	99	486	24.9	61.1	1.34
727	chr19	18712854	18713731	CpG: 100	877	100	610	22.8	69.6	0.94
728	chr19	18749696	18750012	CpG: 31	316	31	192	19.6	60.8	1.08
730	chr19	19110175	19110732	CpG: 43	557	43	344	15.4	61.8	0.83
747	chr19	21271794	21273103	CpG: 169	1309	169	946	25.8	72.3	0.99
748	chr19	21472273	21472643	CpG: 42	370	42	264	22.7	71.4	0.89
750	chr19	21652828	21653873	CpG: 103	1045	103	621	19.7	59.4	1.12
751	chr19	21778133	21779000	CpG: 85	867	85	603	19.6	69.6	0.81
751	chr19	21792702	21792943	CpG: 21	241	21	147	17.4	61	0.97
753	chr19	22138847	22139301	CpG: 37	454	37	305	16.3	67.2	0.73
758	chr19	22727071	22727291	CpG: 17	220	17	135	15.5	61.4	0.89
761	chr19	23134891	23136424	CpG: 103	1533	103	931	13.4	60.7	0.73
761	chr19	23140879	23142677	CpG: 164	1798	164	1126	18.2	62.6	0.93
762	chr19	23273561	23274010	CpG: 59	449	59	327	26.3	72.8	1.01
765	chr19	23619698	23619905	CpG: 18	207	18	120	17.4	58	1.04
765	chr19	23687135	23687892	CpG: 91	757	91	526	24	69.5	1
766	chr19	23758223	23758664	CpG: 41	441	41	293	18.6	66.4	0.84
766	chr19	23759008	23759313	CpG: 30	305	30	208	19.7	68.2	0.89
767	chr19	23892738	23893830	CpG: 150	1092	150	788	27.5	72.2	1.06
768	chr19	24031103	24031392	CpG: 22	289	22	183	15.2	63.3	0.76
769	chr19	24130928	24131281	CpG: 35	353	35	231	19.8	65.4	0.93
769	chr19	24173876	24174518	CpG: 83	642	83	431	25.9	67.1	1.16
769	chr19	24224387	24225004	CpG: 55	617	55	408	17.8	66.1	0.82
770	chr19	24280224	24280692	CpG: 71	468	71	323	30.3	69	1.28
771	chr19	24476916	24477661	CpG: 75	745	75	455	20.1	61.1	1.09
772	chr19	24555538	24556407	CpG: 89	869	89	551	20.5	63.4	1.02
774	chr19	24861500	24861944	CpG: 44	444	44	313	19.8	70.5	0.81
774	chr19	24897236	24897571	CpG: 36	335	36	214	21.5	63.9	1.06
774	chr19	24899507	24900675	CpG: 104	1168	104	778	17.8	66.6	0.83
775	chr19	24961573	24961828	CpG: 24	255	24	166	18.8	65.1	0.9
775	chr19	24999191	24999943	CpG: 110	752	110	537	29.3	71.4	1.15
777	chr19	25236538	25237775	CpG: 110	1237	110	807	17.8	65.2	0.84
778	chr19	25409979	25410362	CpG: 31	383	31	231	16.2	60.3	0.93
779	chr19	25505603	25506970	CpG: 118	1367	118	868	17.3	63.5	0.86
780	chr19	25605712	25606420	CpG: 46	708	46	438	13	61.9	0.68
780	chr19	25610007	25611039	CpG: 90	1032	90	686	17.4	66.5	0.79
780	chr19	25622384	25622708	CpG: 24	324	24	208	14.8	64.2	0.72
780	chr19	25671983	25672491	CpG: 37	508	37	295	14.6	58.1	0.87
780	chr19	25673381	25673957	CpG: 57	576	57	370	19.8	64.2	0.96
98	chr19	26604478	26607883	CpG: 259	3405	259	2142	15.2	62.9	0.77
792	chr19	27216955	27218327	CpG: 128	1372	128	886	18.7	64.6	0.89
792	chr19	27218890	27219125	CpG: 17	235	17	141	14.5	60	0.83
793	chr19	27323135	27323508	CpG: 29	373	29	228	15.5	61.1	0.83
794	chr19	27429646	27430195	CpG: 51	549	51	343	18.6	62.5	0.95
798	chr19	28011247	28012039	CpG: 89	792	89	536	22.5	67.7	0.98
803	chr19	28678103	28678514	CpG: 31	411	31	267	15.1	65	0.72
803	chr19	28679626	28680390	CpG: 78	764	78	528	20.4	69.1	0.87
804	chr19	28763321	28763534	CpG: 19	213	19	129	17.8	60.6	0.97
804	chr19	28835000	28835428	CpG: 58	428	58	312	27.1	72.9	1.02
805	chr19	28963841	28964659	CpG: 85	818	85	580	20.8	70.9	0.83
806	chr19	28975069	28975404	CpG: 25	335	25	199	14.9	59.4	0.85
806	chr19	28990229	28990818	CpG: 61	589	61	401	20.7	68.1	0.89
806	chr19	29047520	29048047	CpG: 59	527	59	390	22.4	74	0.82
807	chr19	29100954	29101853	CpG: 86	899	86	611	19.1	68	0.83
808	chr19	29251112	29252179	CpG: 133	1067	133	740	24.9	69.4	1.04
809	chr19	29361736	29362043	CpG: 27	307	27	205	17.6	66.8	0.79
810	chr19	29521968	29523214	CpG: 153	1246	153	871	24.6	69.9	1.03
811	chr19	29626152	29626463	CpG: 21	311	21	184	13.5	59.2	0.77
811	chr19	29647797	29648439	CpG: 85	642	85	473	26.5	73.7	1
812	chr19	29805086	29806698	CpG: 138	1612	138	1016	17.1	63	0.87
812	chr19	29812908	29813157	CpG: 29	249	29	173	23.3	69.5	1
814	chr19	30029914	30031343	CpG: 143	1429	143	917	20	64.2	0.97
815	chr19	30174874	30175472	CpG: 47	598	47	387	15.7	64.7	0.75
102	chr19	30539445	30539799	CpG: 42	354	42	255	23.7	72	0.92
822	chr19	31082638	31083149	CpG: 46	511	46	292	18	57.1	1.11
826	chr19	31663915	31664750	CpG: 64	835	64	539	15.3	64.6	0.74
827	chr19	31764058	31764689	CpG: 54	631	54	422	17.1	66.9	0.78
832	chr19	32387473	32389832	CpG: 212	2359	212	1566	18	66.4	0.82
832	chr19	32485651	32486656	CpG: 106	1005	106	674	21.1	67.1	0.95
833	chr19	32595558	32596215	CpG: 59	657	59	457	18	69.6	0.74
834	chr19	32711913	32712444	CpG: 57	531	57	383	21.5	72.1	0.83
834	chr19	32755981	32758346	CpG: 185	2365	185	1478	15.6	62.5	0.8
839	chr19	33391775	33392230	CpG: 39	455	39	301	17.1	66.2	0.79
845	chr19	34192452	34192788	CpG: 36	336	36	239	21.4	71.1	0.85
848	chr19	34474264	34475032	CpG: 52	768	52	457	13.5	59.5	0.79
850	chr19	34746975	34747423	CpG: 53	448	53	329	23.7	73.4	0.88
851	chr19	34878280	34879247	CpG: 113	967	113	664	23.4	68.7	0.99
851	chr19	34922033	34922556	CpG: 48	523	48	338	18.4	64.6	0.89
860	chr19	36056601	36057781	CpG: 121	1180	121	782	20.5	66.3	0.93
862	chr19	36348496	36349541	CpG: 128	1045	128	715	24.5	68.4	1.05
862	chr19	36409532	36410360	CpG: 90	828	90	501	21.7	60.5	1.22
863	chr19	36553947	36555055	CpG: 83	1108	83	579	15	52.3	1.11
865	chr19	36736571	36736971	CpG: 37	400	37	265	18.5	66.2	0.84
866	chr19	36834155	36834907	CpG: 95	752	95	510	25.3	67.8	1.1
866	chr19	36904168	36904609	CpG: 38	441	38	283	17.2	64.2	0.84
866	chr19	36918570	36919208	CpG: 79	638	79	473	24.8	74.1	0.9
866	chr19	36925963	36926627	CpG: 90	664	90	465	27.1	70	1.11
867	chr19	37018415	37018686	CpG: 20	271	20	179	14.8	66.1	0.68
868	chr19	37173995	37174879	CpG: 80	884	80	552	18.1	62.4	0.96
868	chr19	37207046	37208023	CpG: 98	977	98	643	20.1	65.8	0.93
869	chr19	37233755	37234362	CpG: 50	607	50	381	16.5	62.8	0.84
870	chr19	37375917	37376608	CpG: 68	691	68	427	19.7	61.8	1.03
870	chr19	37434266	37435575	CpG: 158	1309	158	949	24.1	72.5	0.92
871	chr19	37550468	37551056	CpG: 58	588	58	411	19.7	69.9	0.81
872	chr19	37686442	37686657	CpG: 21	215	21	137	19.5	63.7	0.96
872	chr19	37687046	37687836	CpG: 60	790	60	505	15.2	63.9	0.74
872	chr19	37690830	37691070	CpG: 26	240	26	163	21.7	67.9	0.94
872	chr19	37692843	37693403	CpG: 54	560	54	360	19.3	64.3	0.93
872	chr19	37697199	37699255	CpG: 155	2056	155	1285	15.1	62.5	0.78
875	chr19	38054624	38055351	CpG: 58	727	58	476	16	65.5	0.77
875	chr19	38096952	38097733	CpG: 70	781	70	497	17.9	63.6	0.89
875	chr19	38124485	38125035	CpG: 67	550	67	373	24.4	67.8	1.07
876	chr19	38224022	38224268	CpG: 33	246	33	172	26.8	69.9	1.1
877	chr19	38395900	38396354	CpG: 74	454	74	364	32.6	80.2	1.05
878	chr19	38480873	38481570	CpG: 58	697	58	424	16.6	60.8	0.9
881	chr19	38819064	38819500	CpG: 36	436	36	272	16.5	62.4	0.85
881	chr19	38836498	38837523	CpG: 141	1025	141	745	27.5	72.7	1.04
882	chr19	38930542	38931546	CpG: 94	1004	94	638	18.7	63.5	0.94
892	chr19	40271086	40271733	CpG: 78	647	78	454	24.1	70.2	0.98
892	chr19	40326081	40326336	CpG: 21	255	21	161	16.5	63.1	0.84
894	chr19	40513425	40514035	CpG: 70	610	70	438	23	71.8	0.89
894	chr19	40588200	40588578	CpG: 46	378	46	269	24.3	71.2	1.01
894	chr19	40611906	40612453	CpG: 44	547	44	353	16.1	64.5	0.78
896	chr19	40830965	40832120	CpG: 136	1155	136	815	23.5	70.6	0.96
896	chr19	40873133	40873549	CpG: 41	416	41	271	19.7	65.1	0.93
897	chr19	40894474	40895422	CpG: 98	948	98	629	20.7	66.4	0.94
898	chr19	41088568	41088790	CpG: 16	222	16	140	14.4	63.1	0.73
899	chr19	41206045	41207150	CpG: 70	1105	70	692	12.7	62.6	0.65
899	chr19	41263189	41264304	CpG: 95	1115	95	611	17	54.8	1.14
900	chr19	41375950	41376186	CpG: 19	236	19	155	16.1	65.7	0.76
900	chr19	41384907	41385281	CpG: 43	374	43	273	23	73	0.86
901	chr19	41482227	41482556	CpG: 35	329	35	206	21.3	62.6	1.18
901	chr19	41483109	41483556	CpG: 50	447	50	295	22.4	66	1.08
903	chr19	41743086	41743875	CpG: 72	789	72	500	18.3	63.4	0.91
903	chr19	41801587	41802068	CpG: 47	481	47	324	19.5	67.4	0.86
904	chr19	41829931	41830950	CpG: 124	1019	124	687	24.3	67.4	1.08
904	chr19	41847091	41848492	CpG: 169	1401	169	955	24.1	68.2	1.04
904	chr19	41895893	41896185	CpG: 27	292	27	188	18.5	64.4	0.89
904	chr19	41911691	41912573	CpG: 94	882	94	592	21.3	67.1	0.95
904	chr19	41932878	41933532	CpG: 57	654	57	423	17.4	64.7	0.83
905	chr19	41980924	41982472	CpG: 147	1548	147	1070	19	69.1	0.8
906	chr19	42090216	42091038	CpG: 85	822	85	523	20.7	63.6	1.03
906	chr19	42128800	42129394	CpG: 52	594	52	397	17.5	66.8	0.79
906	chr19	42147565	42148488	CpG: 78	923	78	579	16.9	62.7	0.87
906	chr19	42170471	42170912	CpG: 46	441	46	293	20.9	66.4	0.95
906	chr19	42201463	42202340	CpG: 85	877	85	615	19.4	70.1	0.79
907	chr19	42255730	42256114	CpG: 45	384	45	284	23.4	74	0.87
908	chr19	42431391	42432581	CpG: 126	1190	126	823	21.2	69.2	0.89
909	chr19	42518522	42519316	CpG: 69	794	69	512	17.4	64.5	0.84
910	chr19	42599906	42600107	CpG: 15	201	15	119	14.9	59.2	0.86
910	chr19	42612717	42613080	CpG: 38	363	38	268	20.9	73.8	0.78
911	chr19	42779653	42780095	CpG: 39	442	39	294	17.6	66.5	0.81
916	chr19	43386227	43386805	CpG: 43	578	43	335	14.9	58	0.89
916	chr19	43427410	43427707	CpG: 25	297	25	197	16.8	66.3	0.78
916	chr19	43440306	43441669	CpG: 149	1363	149	949	21.9	69.6	0.9
917	chr19	43524343	43524983	CpG: 51	640	51	397	15.9	62	0.85
917	chr19	43599731	43600069	CpG: 23	338	23	205	13.6	60.7	0.75
917	chr19	43600902	43601106	CpG: 17	204	17	120	16.7	58.8	0.99
917	chr19	43601327	43601767	CpG: 34	440	34	253	15.5	57.5	0.95
917	chr19	43614335	43615108	CpG: 77	773	77	444	19.9	57.4	1.21
917	chr19	43616398	43616905	CpG: 42	507	42	337	16.6	66.5	0.78
918	chr19	43674431	43675964	CpG: 125	1533	125	941	16.3	61.4	0.86
918	chr19	43689547	43690129	CpG: 54	582	54	398	18.6	68.4	0.82
918	chr19	43752729	43753397	CpG: 74	668	74	458	22.2	68.6	0.94
919	chr19	43879533	43879874	CpG: 35	341	35	240	20.5	70.4	0.86
920	chr19	43939867	43940479	CpG: 79	612	79	442	25.8	72.2	1.04
921	chr19	44069463	44069874	CpG: 60	411	60	309	29.2	75.2	1.06
921	chr19	44107089	44107623	CpG: 50	534	50	348	18.7	65.2	0.91
921	chr19	44146121	44146458	CpG: 31	337	31	225	18.4	66.8	0.91
922	chr19	44248171	44248428	CpG: 27	257	27	178	21	69.3	0.89
922	chr19	44266919	44267204	CpG: 27	285	27	202	18.9	70.9	0.78
922	chr19	44284132	44284488	CpG: 31	356	31	252	17.4	70.8	0.7
924	chr19	44511505	44512067	CpG: 58	562	58	385	20.6	68.5	0.88
924	chr19	44545470	44545881	CpG: 38	411	38	293	18.5	71.3	0.74
924	chr19	44554852	44555516	CpG: 49	664	49	416	14.8	62.7	0.78
924	chr19	44562728	44563046	CpG: 26	318	26	196	16.4	61.6	0.86
925	chr19	44671991	44672192	CpG: 20	201	20	134	19.9	66.7	0.9
925	chr19	44674651	44674874	CpG: 29	223	29	141	26	63.2	1.31
925	chr19	44684082	44684455	CpG: 46	373	46	263	24.7	70.5	1.02
926	chr19	44717372	44717588	CpG: 16	216	16	115	14.8	53.2	1.05
926	chr19	44720157	44720526	CpG: 33	369	33	255	17.9	69.1	0.76
926	chr19	44724028	44724314	CpG: 25	286	25	173	17.5	60.5	0.98
926	chr19	44726108	44726472	CpG: 43	364	43	257	23.6	70.6	0.97
926	chr19	44734343	44735056	CpG: 60	713	60	441	16.8	61.9	0.9
926	chr19	44741179	44741761	CpG: 47	582	47	353	16.2	60.7	0.88
926	chr19	44746668	44746941	CpG: 37	273	37	200	27.1	73.3	1.03
926	chr19	44750433	44750664	CpG: 22	231	22	155	19	67.1	0.85
926	chr19	44755576	44757507	CpG: 159	1931	159	1193	16.5	61.8	0.86
926	chr19	44758828	44759320	CpG: 39	492	39	307	15.9	62.4	0.81
927	chr19	44835972	44837015	CpG: 81	1043	81	700	15.5	67.1	0.71
927	chr19	44930853	44931601	CpG: 66	748	66	504	17.6	67.4	0.79
928	chr19	44988950	44989189	CpG: 17	239	17	154	14.2	64.4	0.71
928	chr19	44989264	44989662	CpG: 41	398	41	278	20.6	69.8	0.85
928	chr19	45005806	45006823	CpG: 100	1017	100	657	19.7	64.6	0.96
928	chr19	45015150	45015822	CpG: 49	672	49	387	14.6	57.6	0.89
928	chr19	45025892	45026253	CpG: 29	361	29	258	16.1	71.5	0.64
928	chr19	45065418	45065678	CpG: 23	260	23	172	17.7	66.2	0.82
928	chr19	45074901	45075200	CpG: 28	299	28	180	18.7	60.2	1.04
928	chr19	45076782	45077218	CpG: 52	436	52	307	23.9	70.4	0.97
928	chr19	45079797	45080751	CpG: 69	954	69	589	14.5	61.7	0.76
929	chr19	45143459	45143865	CpG: 35	406	35	272	17.2	67	0.77
929	chr19	45150575	45151614	CpG: 84	1039	84	655	16.2	63	0.82
929	chr19	45153394	45154219	CpG: 59	825	59	502	14.3	60.8	0.77
929	chr19	45155826	45156161	CpG: 25	335	25	213	14.9	63.6	0.74
929	chr19	45159075	45159368	CpG: 25	293	25	183	17.1	62.5	0.88
930	chr19	45223536	45224244	CpG: 47	708	47	413	13.3	58.3	0.78
930	chr19	45230943	45231579	CpG: 69	636	69	407	21.7	64	1.06
930	chr19	45233499	45235664	CpG: 171	2165	171	1329	15.8	61.4	0.84
930	chr19	45235943	45236264	CpG: 25	321	25	207	15.6	64.5	0.75
930	chr19	45301751	45302213	CpG: 39	462	39	278	16.9	60.2	0.95
931	chr19	45363448	45363972	CpG: 45	524	45	335	17.2	63.9	0.85
932	chr19	45541548	45541929	CpG: 49	381	49	261	25.7	68.5	1.1
932	chr19	45545050	45545271	CpG: 25	221	25	155	22.6	70.1	0.93
933	chr19	45659672	45660589	CpG: 107	917	107	650	23.3	70.9	0.96
933	chr19	45736932	45737257	CpG: 33	325	33	220	20.3	67.7	0.9
933	chr19	45742423	45742922	CpG: 60	499	60	367	24	73.5	0.91
934	chr19	45748965	45749670	CpG: 76	705	76	488	21.6	69.2	0.91
934	chr19	45782739	45783865	CpG: 116	1126	116	765	20.6	67.9	0.89
934	chr19	45815751	45816125	CpG: 29	374	29	267	15.5	71.4	0.61
935	chr19	45998014	45998666	CpG: 70	652	70	458	21.5	70.2	0.9
935	chr19	46003367	46004063	CpG: 67	696	67	480	19.3	69	0.81
936	chr19	46044862	46045548	CpG: 70	686	70	381	20.4	55.5	1.37
936	chr19	46056534	46057317	CpG: 81	783	81	546	20.7	69.7	0.9
936	chr19	46075712	46076195	CpG: 52	483	52	302	21.5	62.5	1.1
936	chr19	46135817	46137182	CpG: 106	1365	106	909	15.5	66.6	0.72
937	chr19	46147388	46147852	CpG: 33	464	33	289	14.2	62.3	0.74
937	chr19	46148204	46148869	CpG: 51	665	51	455	15.3	68.4	0.66
937	chr19	46152679	46152897	CpG: 22	218	22	146	20.2	67	0.91
938	chr19	46304454	46305820	CpG: 104	1366	104	885	15.2	64.8	0.73
938	chr19	46308960	46309322	CpG: 40	362	40	251	22.1	69.3	0.92
938	chr19	46317590	46318210	CpG: 77	620	77	378	24.8	61	1.34
938	chr19	46328195	46329586	CpG: 131	1391	131	928	18.8	66.7	0.85
938	chr19	46338374	46338785	CpG: 28	411	28	248	13.6	60.3	0.75
938	chr19	46348752	46349301	CpG: 75	549	75	402	27.3	73.2	1.02
938	chr19	46356804	46357126	CpG: 28	322	28	220	17.4	68.3	0.76
938	chr19	46395102	46395869	CpG: 51	767	51	454	13.3	59.2	0.76
938	chr19	46396875	46397344	CpG: 46	469	46	302	19.6	64.4	0.96
939	chr19	46499986	46503035	CpG: 232	3049	232	1811	15.2	59.4	0.86
940	chr19	46573115	46573592	CpG: 46	477	46	328	19.3	68.8	0.82
940	chr19	46654118	46654424	CpG: 23	306	23	202	15	66	0.69
941	chr19	46689848	46690150	CpG: 32	302	32	199	21.2	65.9	0.98
941	chr19	46760880	46762882	CpG: 172	2002	172	1289	17.2	64.4	0.83
943	chr19	46961711	46962003	CpG: 24	292	24	188	16.4	64.4	0.79
943	chr19	47014510	47015745	CpG: 160	1235	160	878	25.9	71.1	1.03
943	chr19	47050305	47051048	CpG: 70	743	70	439	18.8	59.1	1.08
944	chr19	47067602	47068485	CpG: 75	883	75	505	17	57.2	1.04
944	chr19	47074915	47075133	CpG: 19	218	19	121	17.4	55.5	1.13
944	chr19	47090344	47090915	CpG: 65	571	65	365	22.8	63.9	1.13
944	chr19	47151658	47151964	CpG: 26	306	26	199	17	65	0.8
944	chr19	47178603	47179636	CpG: 119	1033	119	715	23	69.2	0.96
945	chr19	47253054	47253818	CpG: 110	764	110	554	28.8	72.5	1.1
945	chr19	47267284	47267537	CpG: 22	253	22	166	17.4	65.6	0.81
945	chr19	47314025	47314367	CpG: 32	342	32	229	18.7	67	0.84
946	chr19	47343537	47343772	CpG: 37	235	37	184	31.5	78.3	1.09
947	chr19	47464007	47464725	CpG: 73	718	73	465	20.3	64.8	0.97
947	chr19	47537011	47537247	CpG: 26	236	26	160	22	67.8	1.05
948	chr19	47579310	47579871	CpG: 82	561	82	384	29.2	68.4	1.25
948	chr19	47580315	47580629	CpG: 21	314	21	176	13.4	56.1	0.87
949	chr19	47731239	47731916	CpG: 63	677	63	429	18.6	63.4	0.93
949	chr19	47837197	47837514	CpG: 34	317	34	184	21.5	58	1.27
950	chr19	47854866	47855383	CpG: 51	517	51	351	19.7	67.9	0.86
950	chr19	47865357	47865909	CpG: 49	552	49	356	17.8	64.5	0.85
950	chr19	47918962	47919418	CpG: 43	456	43	294	18.9	64.5	0.91
952	chr19	48205180	48206752	CpG: 122	1572	122	1020	15.5	64.9	0.74
971	chr19	50678007	50678959	CpG: 89	952	89	634	18.7	66.6	0.85
989	chr19	53038236	53038709	CpG: 56	473	56	351	23.7	74.2	0.87
990	chr19	53142135	53143577	CpG: 135	1442	135	960	18.7	66.6	0.86
991	chr19	53310331	53311348	CpG: 77	1017	77	589	15.1	57.9	0.9
991	chr19	53312772	53313868	CpG: 98	1096	98	693	17.9	63.2	0.92
991	chr19	53314298	53314541	CpG: 20	243	20	146	16.5	60.1	0.91
991	chr19	53329281	53330034	CpG: 88	753	88	465	23.4	61.8	1.31
992	chr19	53389807	53390871	CpG: 114	1064	114	738	21.4	69.4	0.89
993	chr19	53528701	53529709	CpG: 120	1008	120	692	23.8	68.7	1.01
993	chr19	53529819	53530112	CpG: 21	293	21	188	14.3	64.2	0.7
993	chr19	53600006	53601051	CpG: 92	1045	92	566	17.6	54.2	1.2
994	chr19	53676333	53677554	CpG: 111	1221	111	825	18.2	67.6	0.8
996	chr19	53903059	53904012	CpG: 127	953	127	725	26.7	76.1	0.92
996	chr19	53943886	53945632	CpG: 126	1746	126	985	14.4	56.4	0.91
997	chr19	54045055	54047684	CpG: 220	2629	220	1609	16.7	61.2	0.89
1005	chr19	55099045	55099569	CpG: 67	524	67	399	25.6	76.1	0.88
1007	chr19	55315362	55316672	CpG: 113	1310	113	794	17.3	60.6	0.95
1010	chr19	55741557	55741968	CpG: 35	411	35	232	17	56.4	1.15
1010	chr19	55742345	55743241	CpG: 82	896	82	530	18.3	59.2	1.06
1011	chr19	55895423	55895626	CpG: 23	203	23	147	22.7	72.4	0.88
1015	chr19	56396850	56397543	CpG: 71	693	71	469	20.5	67.7	0.91
1016	chr19	56548399	56548993	CpG: 62	594	62	417	20.9	70.2	0.85
1017	chr19	56721877	56723997	CpG: 227	2120	227	1446	21.4	68.2	0.92
1018	chr19	56821776	56822350	CpG: 81	574	81	417	28.2	72.6	1.07
1018	chr19	56826156	56826522	CpG: 41	366	41	255	22.4	69.7	0.96
1018	chr19	56874066	56874653	CpG: 71	587	71	426	24.2	72.6	0.92
1019	chr19	57007999	57008535	CpG: 50	536	50	337	18.7	62.9	0.97
1022	chr19	57314444	57315020	CpG: 54	576	54	420	18.8	72.9	0.71
1022	chr19	57360622	57361710	CpG: 99	1088	99	629	18.2	57.8	1.09
1024	chr19	57610205	57611845	CpG: 158	1640	158	1115	19.3	68	0.83
1025	chr19	57701968	57702185	CpG: 17	217	17	131	15.7	60.4	0.86
1030	chr19	58453676	58453905	CpG: 17	229	17	155	14.8	67.7	0.65
1030	chr19	58454353	58455912	CpG: 104	1559	104	940	13.3	60.3	0.74
1033	chr19	58799413	58799838	CpG: 31	425	31	258	14.6	60.7	0.79
1034	chr19	58860810	58861140	CpG: 26	330	26	230	15.8	69.7	0.67
1034	chr19	58943152	58943782	CpG: 57	630	57	393	18.1	62.4	0.93
1035	chr19	59075142	59075949	CpG: 82	807	82	576	20.3	71.4	0.8
1036	chr19	59166195	59166781	CpG: 55	586	55	371	18.8	63.3	0.94
1036	chr19	59169115	59170481	CpG: 118	1366	118	840	17.3	61.5	0.91
1036	chr19	59171597	59171841	CpG: 23	244	23	175	18.9	71.7	0.75
1036	chr19	59193933	59194419	CpG: 40	486	40	309	16.5	63.6	0.83
1037	chr19	59260851	59261467	CpG: 54	616	54	406	17.5	65.9	0.81
1037	chr19	59344805	59346356	CpG: 164	1551	164	965	21.1	62.2	1.09
1038	chr19	59451480	59451824	CpG: 27	344	27	209	15.7	60.8	0.85
1038	chr19	59457915	59459984	CpG: 162	2069	162	1231	15.7	59.5	0.89
1038	chr19	59467141	59467557	CpG: 29	416	29	219	13.9	52.6	1.01
1038	chr19	59469037	59469305	CpG: 22	268	22	165	16.4	61.6	0.87
1042	chr19	59943171	59943897	CpG: 79	726	79	490	21.8	67.5	0.96
1044	chr19	60226276	60226755	CpG: 63	479	63	333	26.3	69.5	1.11
1046	chr19	60467186	60467872	CpG: 56	686	56	430	16.3	62.7	0.83
1047	chr19	60580385	60581305	CpG: 73	920	73	562	15.9	61.1	0.86
1048	chr19	60755750	60757340	CpG: 164	1590	164	1011	20.6	63.6	1.02
1048	chr19	60789973	60791006	CpG: 119	1033	119	703	23	68.1	1
1048	chr19	60811594	60811925	CpG: 24	331	24	204	14.5	61.6	0.77
1049	chr19	60874354	60874605	CpG: 22	251	22	167	17.5	66.5	0.79
1049	chr19	60889656	60890708	CpG: 87	1052	87	591	16.5	56.2	1.05
1052	chr19	61225093	61227914	CpG: 255	2821	255	1884	18.1	66.8	0.81
1052	chr19	61228499	61228712	CpG: 21	213	21	139	19.7	65.3	0.93
1052	chr19	61266505	61266971	CpG: 35	466	35	242	15	51.9	1.16
